[38;2;255;226;140m╔════════════════════════════════════════╗[0m
[38;2;252;222;134m║[0m[38;2;218;217;210;48;2;218;217;210m▀[38;2;218;217;210;48;2;218;217;210m▀[38;2;218;217;210;48;2;218;217;210m▀[38;2;218;217;210;48;2;218;217;210m▀[38;2;218;217;210;48;2;218;217;210m▀[38;2;218;217;210;48;2;218;217;210m▀[38;2;218;217;210;48;2;218;217;210m▀[38;2;218;217;210;48;2;218;217;210m▀[38;2;217;216;209;48;2;217;216;209m▀[38;2;217;216;209;48;2;217;216;209m▀[38;2;217;216;209;48;2;217;216;209m▀[38;2;217;216;209;48;2;217;216;209m▀[38;2;217;216;209;48;2;217;216;209m▀[38;2;217;216;209;48;2;217;216;209m▀[38;2;217;216;209;48;2;217;216;209m▀[38;2;217;216;209;48;2;217;216;209m▀[38;2;217;216;209;48;2;217;216;209m▀[38;2;217;216;209;48;2;217;216;209m▀[38;2;217;216;209;48;2;217;216;209m▀[38;2;217;216;209;48;2;217;216;209m▀[38;2;217;216;209;48;2;217;216;209m▀[38;2;217;216;209;48;2;217;216;209m▀[38;2;218;217;210;48;2;218;217;210m▀[38;2;218;217;210;48;2;218;217;210m▀[38;2;218;217;211;48;2;218;217;211m▀[38;2;218;217;211;48;2;218;217;211m▀[38;2;218;217;211;48;2;218;217;211m▀[38;2;218;217;211;48;2;218;217;211m▀[38;2;219;218;213;48;2;219;218;213m▀[38;2;219;218;213;48;2;219;218;213m▀[38;2;219;218;213;48;2;219;218;213m▀[38;2;219;218;213;48;2;219;218;213m▀[38;2;219;220;214;48;2;219;220;214m▀[38;2;219;220;214;48;2;219;220;214m▀[38;2;219;220;214;48;2;219;220;214m▀[38;2;219;220;214;48;2;219;220;214m▀[38;2;219;219;216;48;2;219;219;216m▀[38;2;219;219;216;48;2;219;219;216m▀[38;2;220;220;217;48;2;220;220;217m▀[38;2;220;220;217;48;2;220;220;217m▀[0m[38;2;252;222;134m║[0m
[38;2;249;217;128m║[0m[38;2;219;218;211;48;2;219;218;211m▀[38;2;219;218;211;48;2;219;218;211m▀[38;2;218;217;210;48;2;218;217;210m▀[38;2;218;217;210;48;2;218;217;210m▀[38;2;218;217;210;48;2;218;217;210m▀[38;2;218;217;210;48;2;218;217;210m▀[38;2;218;217;210;48;2;218;217;210m▀[38;2;218;217;210;48;2;218;217;210m▀[38;2;217;216;209;48;2;217;216;209m▀[38;2;217;216;209;48;2;217;216;209m▀[38;2;217;216;209;48;2;217;216;209m▀[38;2;217;216;209;48;2;217;216;209m▀[38;2;217;216;209;48;2;217;216;209m▀[38;2;217;216;209;48;2;217;216;209m▀[38;2;217;216;209;48;2;217;216;209m▀[38;2;217;216;209;48;2;217;216;209m▀[38;2;216;215;208;48;2;216;215;208m▀[38;2;216;215;208;48;2;216;215;208m▀[38;2;217;216;209;48;2;217;216;209m▀[38;2;217;216;209;48;2;217;216;209m▀[38;2;217;216;209;48;2;217;216;209m▀[38;2;217;216;209;48;2;217;216;209m▀[38;2;218;217;210;48;2;218;217;210m▀[38;2;218;217;210;48;2;218;217;210m▀[38;2;218;217;211;48;2;218;217;211m▀[38;2;218;217;211;48;2;218;217;211m▀[38;2;219;218;213;48;2;219;218;213m▀[38;2;219;218;213;48;2;219;218;213m▀[38;2;218;217;211;48;2;218;217;211m▀[38;2;218;217;211;48;2;218;217;211m▀[38;2;219;218;213;48;2;219;218;213m▀[38;2;219;218;213;48;2;219;218;213m▀[38;2;219;220;214;48;2;219;220;214m▀[38;2;219;220;214;48;2;219;220;214m▀[38;2;219;220;214;48;2;219;220;214m▀[38;2;219;220;214;48;2;219;220;214m▀[38;2;219;219;216;48;2;219;219;216m▀[38;2;219;219;216;48;2;219;219;216m▀[38;2;219;219;216;48;2;219;219;216m▀[38;2;220;220;217;48;2;220;220;217m▀[0m[38;2;249;217;128m║[0m
[38;2;246;213;122m║[0m[38;2;219;218;211;48;2;219;218;211m▀[38;2;219;218;211;48;2;219;218;211m▀[38;2;218;217;210;48;2;218;217;210m▀[38;2;218;217;210;48;2;218;217;210m▀[38;2;218;217;210;48;2;218;217;210m▀[38;2;218;217;210;48;2;218;217;210m▀[38;2;218;217;210;48;2;218;217;210m▀[38;2;218;217;210;48;2;218;217;210m▀[38;2;217;216;209;48;2;217;216;209m▀[38;2;217;216;209;48;2;217;216;209m▀[38;2;217;216;209;48;2;217;216;209m▀[38;2;217;216;209;48;2;217;216;209m▀[38;2;217;216;209;48;2;217;216;209m▀[38;2;217;216;209;48;2;217;216;209m▀[38;2;216;215;208;48;2;216;215;208m▀[38;2;216;215;208;48;2;216;215;208m▀[38;2;216;215;208;48;2;218;215;207m▀[38;2;216;215;208;48;2;219;216;208m▀[38;2;217;216;209;48;2;217;214;206m▀[38;2;217;216;209;48;2;219;216;209m▀[38;2;217;216;209;48;2;223;220;213m▀[38;2;218;216;209;48;2;221;218;212m▀[38;2;219;217;210;48;2;217;214;207m▀[38;2;218;217;211;48;2;220;217;211m▀[38;2;218;217;210;48;2;218;217;210m▀[38;2;218;217;210;48;2;218;217;210m▀[38;2;219;218;211;48;2;219;218;211m▀[38;2;219;218;211;48;2;219;218;211m▀[38;2;217;218;211;48;2;217;218;211m▀[38;2;217;218;211;48;2;217;218;211m▀[38;2;218;219;213;48;2;218;219;213m▀[38;2;218;219;213;48;2;218;219;213m▀[38;2;218;219;213;48;2;218;219;213m▀[38;2;218;219;213;48;2;218;219;213m▀[38;2;219;220;214;48;2;219;220;214m▀[38;2;219;220;214;48;2;219;220;214m▀[38;2;219;219;216;48;2;219;219;216m▀[38;2;219;219;216;48;2;219;219;216m▀[38;2;220;220;217;48;2;220;220;217m▀[38;2;220;220;217;48;2;220;220;217m▀[0m[38;2;246;213;122m║[0m
[38;2;243;209;116m║[0m[38;2;219;218;211;48;2;219;218;211m▀[38;2;219;218;211;48;2;219;218;211m▀[38;2;218;217;210;48;2;218;217;210m▀[38;2;218;217;210;48;2;218;217;210m▀[38;2;218;217;210;48;2;218;217;210m▀[38;2;218;217;210;48;2;218;217;210m▀[38;2;217;216;209;48;2;217;216;209m▀[38;2;217;216;209;48;2;217;216;209m▀[38;2;217;216;209;48;2;217;216;209m▀[38;2;217;216;209;48;2;217;216;209m▀[38;2;217;216;209;48;2;217;216;209m▀[38;2;217;216;209;48;2;217;216;209m▀[38;2;217;216;209;48;2;217;216;209m▀[38;2;217;216;209;48;2;218;217;210m▀[38;2;217;216;209;48;2;218;217;210m▀[38;2;219;218;211;48;2;220;218;210m▀[38;2;212;208;197;48;2;201;194;183m▀[38;2;138;134;122;48;2;121;113;102m▀[38;2;156;152;141;48;2;65;57;46m▀[38;2;193;189;178;48;2;64;56;46m▀[38;2;172;166;160;48;2;26;19;17m▀[38;2;164;157;153;48;2;41;32;29m▀[38;2;115;109;105;48;2;50;42;38m▀[38;2;218;213;208;48;2;185;177;173m▀[38;2;220;218;212;48;2;173;171;165m▀[38;2;219;218;211;48;2;154;153;146m▀[38;2;219;218;211;48;2;218;217;211m▀[38;2;219;218;211;48;2;222;221;215m▀[38;2;218;219;213;48;2;219;219;213m▀[38;2;218;219;213;48;2;218;219;213m▀[38;2;218;219;213;48;2;218;219;213m▀[38;2;218;219;213;48;2;218;219;213m▀[38;2;218;219;213;48;2;218;219;213m▀[38;2;218;219;213;48;2;218;219;213m▀[38;2;219;220;214;48;2;219;220;214m▀[38;2;219;220;214;48;2;219;220;214m▀[38;2;219;219;216;48;2;219;219;216m▀[38;2;219;219;216;48;2;219;219;216m▀[38;2;220;220;217;48;2;220;220;217m▀[38;2;220;220;217;48;2;220;220;217m▀[0m[38;2;243;209;116m║[0m
[38;2;240;204;110m║[0m[38;2;219;218;211;48;2;219;218;211m▀[38;2;219;218;211;48;2;219;218;211m▀[38;2;219;218;211;48;2;219;218;211m▀[38;2;219;218;211;48;2;219;218;211m▀[38;2;218;217;210;48;2;218;217;210m▀[38;2;218;217;210;48;2;218;217;210m▀[38;2;218;217;210;48;2;218;217;210m▀[38;2;218;217;210;48;2;218;217;210m▀[38;2;217;216;211;48;2;217;216;210m▀[38;2;217;216;211;48;2;217;216;210m▀[38;2;217;216;211;48;2;217;216;210m▀[38;2;217;216;211;48;2;219;218;211m▀[38;2;219;216;206;48;2;214;211;199m▀[38;2;201;199;186;48;2;131;128;115m▀[38;2;203;200;186;48;2;70;68;57m▀[38;2;143;141;128;48;2;18;15;8m▀[38;2;68;62;58;48;2;7;4;3m▀[38;2;41;34;31;48;2;4;1;1m▀[38;2;20;14;12;48;2;17;12;12m▀[38;2;11;5;3;48;2;11;7;7m▀[38;2;18;15;12;48;2;15;14;13m▀[38;2;6;3;1;48;2;26;25;23m▀[38;2;7;4;3;48;2;13;13;11m▀[38;2;57;53;49;48;2;2;2;0m▀[38;2;48;45;36;48;2;8;9;7m▀[38;2;70;65;57;48;2;14;12;8m▀[38;2;188;182;175;48;2;62;54;48m▀[38;2;209;203;195;48;2;120;111;101m▀[38;2;220;215;210;48;2;214;207;202m▀[38;2;222;219;212;48;2;222;218;213m▀[38;2;219;219;211;48;2;219;219;212m▀[38;2;218;219;211;48;2;218;219;211m▀[38;2;219;220;214;48;2;219;220;214m▀[38;2;219;220;214;48;2;219;220;214m▀[38;2;219;220;214;48;2;219;220;214m▀[38;2;219;220;214;48;2;219;220;214m▀[38;2;220;220;217;48;2;220;220;217m▀[38;2;220;220;217;48;2;220;220;217m▀[38;2;220;220;217;48;2;220;220;217m▀[38;2;220;220;217;48;2;220;220;217m▀[0m[38;2;240;204;110m║[0m
[38;2;237;200;104m║[0m[38;2;219;218;211;48;2;219;218;211m▀[38;2;219;218;211;48;2;219;218;211m▀[38;2;219;218;211;48;2;219;218;211m▀[38;2;219;218;211;48;2;219;218;211m▀[38;2;218;217;210;48;2;218;217;210m▀[38;2;218;217;210;48;2;218;217;210m▀[38;2;218;217;210;48;2;218;217;210m▀[38;2;218;217;210;48;2;218;217;210m▀[38;2;217;216;208;48;2;217;217;206m▀[38;2;217;217;208;48;2;217;217;205m▀[38;2;217;216;209;48;2;218;218;206m▀[38;2;217;216;207;48;2;166;166;153m▀[38;2;169;167;152;48;2;57;55;41m▀[38;2;36;33;23;48;2;16;12;3m▀[38;2;16;12;7;48;2;16;11;9m▀[38;2;18;13;11;48;2;18;13;18m▀[38;2;7;5;6;48;2;14;11;15m▀[38;2;10;8;10;48;2;13;13;17m▀[38;2;13;11;13;48;2;5;5;7m▀[38;2;15;14;15;48;2;14;14;17m▀[38;2;4;4;4;48;2;5;7;8m▀[38;2;13;14;15;48;2;0;0;1m▀[38;2;8;9;9;48;2;2;3;4m▀[38;2;9;10;11;48;2;8;10;12m▀[38;2;3;6;8;48;2;3;4;7m▀[38;2;2;2;3;48;2;10;10;13m▀[38;2;15;11;7;48;2;14;14;15m▀[38;2;46;38;32;48;2;12;11;10m▀[38;2;107;101;96;48;2;13;8;5m▀[38;2;141;138;132;48;2;59;56;51m▀[38;2;218;217;211;48;2;196;196;189m▀[38;2;219;221;213;48;2;222;223;216m▀[38;2;219;220;214;48;2;219;220;214m▀[38;2;219;220;214;48;2;219;220;214m▀[38;2;219;220;214;48;2;219;220;214m▀[38;2;219;220;214;48;2;219;220;214m▀[38;2;220;220;217;48;2;220;220;217m▀[38;2;220;220;217;48;2;220;220;217m▀[38;2;220;220;217;48;2;220;220;217m▀[38;2;220;220;217;48;2;220;220;217m▀[0m[38;2;237;200;104m║[0m
[38;2;234;196;98m║[0m[38;2;219;218;211;48;2;219;218;211m▀[38;2;219;218;211;48;2;219;218;211m▀[38;2;218;217;210;48;2;218;217;210m▀[38;2;218;217;210;48;2;218;217;210m▀[38;2;218;217;210;48;2;218;217;210m▀[38;2;218;217;210;48;2;218;217;210m▀[38;2;218;217;210;48;2;218;217;210m▀[38;2;218;217;210;48;2;218;217;210m▀[38;2;218;217;210;48;2;218;217;211m▀[38;2;222;219;210;48;2;226;223;215m▀[38;2;209;205;192;48;2;141;135;126m▀[38;2;72;66;52;48;2;23;15;6m▀[38;2;17;8;2;48;2;15;12;7m▀[38;2;24;16;13;48;2;11;10;6m▀[38;2;24;19;20;48;2;13;14;12m▀[38;2;18;15;18;48;2;12;15;14m▀[38;2;15;8;11;48;2;0;0;0m▀[38;2;4;4;8;48;2;1;2;3m▀[38;2;6;10;13;48;2;9;4;7m▀[38;2;3;3;4;48;2;29;16;17m▀[38;2;9;9;7;48;2;45;31;30m▀[38;2;10;9;9;48;2;53;42;41m▀[38;2;2;2;4;48;2;14;8;9m▀[38;2;5;5;8;48;2;3;1;2m▀[38;2;8;10;12;48;2;4;5;6m▀[38;2;9;12;20;48;2;0;0;5m▀[38;2;7;9;16;48;2;6;7;13m▀[38;2;10;9;7;48;2;14;14;16m▀[38;2;11;10;8;48;2;15;14;13m▀[38;2;39;33;29;48;2;29;21;18m▀[38;2;160;154;147;48;2;104;96;90m▀[38;2;214;214;206;48;2;198;197;190m▀[38;2;220;221;215;48;2;221;222;216m▀[38;2;219;220;214;48;2;219;220;214m▀[38;2;219;220;214;48;2;219;220;214m▀[38;2;219;220;214;48;2;219;220;214m▀[38;2;220;221;213;48;2;220;221;212m▀[38;2;220;221;215;48;2;220;221;214m▀[38;2;221;222;216;48;2;221;222;216m▀[38;2;221;221;218;48;2;221;221;218m▀[0m[38;2;234;196;98m║[0m
[38;2;231;191;92m║[0m[38;2;219;218;211;48;2;219;218;211m▀[38;2;219;218;211;48;2;219;218;211m▀[38;2;218;217;210;48;2;218;217;210m▀[38;2;218;217;210;48;2;218;217;210m▀[38;2;218;217;210;48;2;218;217;210m▀[38;2;218;217;210;48;2;218;217;210m▀[38;2;218;217;210;48;2;218;217;210m▀[38;2;218;217;210;48;2;218;217;210m▀[38;2;220;219;211;48;2;223;223;213m▀[38;2;213;209;203;48;2;176;172;167m▀[38;2;59;52;49;48;2;24;17;18m▀[38;2;19;11;9;48;2;15;7;11m▀[38;2;11;14;11;48;2;5;3;5m▀[38;2;2;4;2;48;2;2;1;0m▀[38;2;10;11;7;48;2;13;6;4m▀[38;2;10;12;6;48;2;26;15;9m▀[38;2;4;2;0;48;2;72;44;31m▀[38;2;29;14;7;48;2;132;87;62m▀[38;2;85;56;44;48;2;188;133;99m▀[38;2;124;88;74;48;2;211;158;120m▀[38;2;131;95;82;48;2;212;158;124m▀[38;2;117;85;73;48;2;200;147;114m▀[38;2;87;61;49;48;2;190;138;108m▀[38;2;78;56;45;48;2;185;134;104m▀[38;2;65;45;33;48;2;191;138;104m▀[38;2;34;20;10;48;2;157;113;79m▀[38;2;8;2;0;48;2;74;48;30m▀[38;2;5;3;6;48;2;9;3;2m▀[38;2;6;5;5;48;2;14;13;12m▀[38;2;22;15;12;48;2;15;7;5m▀[38;2;106;99;92;48;2;91;84;77m▀[38;2;207;206;199;48;2;217;217;210m▀[38;2;220;222;215;48;2;220;221;215m▀[38;2;219;220;214;48;2;219;220;214m▀[38;2;219;220;214;48;2;219;220;214m▀[38;2;219;220;214;48;2;219;220;214m▀[38;2;220;221;212;48;2;220;221;212m▀[38;2;220;221;214;48;2;220;221;214m▀[38;2;221;222;216;48;2;221;222;216m▀[38;2;221;221;218;48;2;221;221;218m▀[0m[38;2;231;191;92m║[0m
[38;2;228;188;87m║[0m[38;2;219;220;213;48;2;219;220;213m▀[38;2;219;220;213;48;2;219;220;213m▀[38;2;218;219;211;48;2;218;219;211m▀[38;2;218;219;211;48;2;218;219;211m▀[38;2;218;217;210;48;2;218;217;210m▀[38;2;218;217;210;48;2;218;217;210m▀[38;2;218;217;210;48;2;218;217;210m▀[38;2;218;217;210;48;2;218;217;210m▀[38;2;226;226;216;48;2;222;222;212m▀[38;2;119;118;111;48;2;89;88;81m▀[38;2;5;3;0;48;2;5;4;0m▀[38;2;13;10;9;48;2;4;4;1m▀[38;2;1;2;2;48;2;3;7;5m▀[38;2;0;0;0;48;2;15;12;7m▀[38;2;38;22;14;48;2;87;59;38m▀[38;2;98;61;41;48;2;168;114;73m▀[38;2;168;115;81;48;2;202;142;93m▀[38;2;204;142;98;48;2;226;162;109m▀[38;2;225;163;113;48;2;241;177;126m▀[38;2;234;178;130;48;2;248;189;145m▀[38;2;244;187;146;48;2;250;193;152m▀[38;2;236;177;136;48;2;239;181;138m▀[38;2;220;159;117;48;2;236;175;129m▀[38;2;227;165;121;48;2;246;183;135m▀[38;2;221;161;114;48;2;241;182;127m▀[38;2;210;151;102;48;2;237;176;117m▀[38;2;170;120;82;48;2;210;153;100m▀[38;2;71;37;21;48;2;136;91;52m▀[38;2;18;9;8;48;2;32;16;5m▀[38;2;9;7;8;48;2;4;3;4m▀[38;2;101;92;79;48;2;117;109;98m▀[38;2;220;224;213;48;2;224;227;217m▀[38;2;218;220;214;48;2;217;219;214m▀[38;2;218;219;213;48;2;218;219;213m▀[38;2;219;220;214;48;2;219;220;214m▀[38;2;219;220;214;48;2;219;220;214m▀[38;2;220;221;212;48;2;220;221;212m▀[38;2;220;221;214;48;2;220;221;214m▀[38;2;221;222;216;48;2;221;222;216m▀[38;2;221;221;218;48;2;221;221;218m▀[0m[38;2;228;188;87m║[0m
[38;2;224;184;82m║[0m[38;2;219;220;213;48;2;219;220;213m▀[38;2;219;220;213;48;2;219;220;213m▀[38;2;218;219;211;48;2;218;219;211m▀[38;2;218;219;211;48;2;218;219;211m▀[38;2;219;218;211;48;2;219;218;211m▀[38;2;219;218;211;48;2;219;218;211m▀[38;2;218;217;210;48;2;218;217;210m▀[38;2;219;218;211;48;2;219;219;211m▀[38;2;217;217;207;48;2;212;212;203m▀[38;2;68;66;60;48;2;53;52;46m▀[38;2;3;1;0;48;2;4;3;0m▀[38;2;8;7;5;48;2;14;13;11m▀[38;2;6;7;8;48;2;9;6;11m▀[38;2;37;28;21;48;2;33;21;16m▀[38;2;117;81;48;48;2;121;82;50m▀[38;2;189;124;67;48;2;197;130;72m▀[38;2;212;149;88;48;2;221;154;90m▀[38;2;226;158;99;48;2;224;153;89m▀[38;2;237;168;116;48;2;234;162;105m▀[38;2;250;187;144;48;2;245;180;133m▀[38;2;251;194;150;48;2;249;192;145m▀[38;2;250;192;147;48;2;250;192;143m▀[38;2;248;188;140;48;2;251;191;140m▀[38;2;255;192;142;48;2;254;193;141m▀[38;2;248;187;129;48;2;249;186;133m▀[38;2;241;176;113;48;2;240;172;114m▀[38;2;222;159;95;48;2;222;153;89m▀[38;2;176;122;64;48;2;195;134;68m▀[38;2;61;36;12;48;2;96;63;26m▀[38;2;2;1;1;48;2;4;3;0m▀[38;2;119;113;106;48;2;131;127;124m▀[38;2;226;226;219;48;2;228;225;221m▀[38;2;217;219;213;48;2;218;219;214m▀[38;2;218;219;213;48;2;218;219;213m▀[38;2;219;220;214;48;2;219;220;214m▀[38;2;219;220;214;48;2;219;220;214m▀[38;2;219;220;211;48;2;219;220;211m▀[38;2;220;221;214;48;2;220;221;214m▀[38;2;222;222;217;48;2;222;222;217m▀[38;2;223;223;220;48;2;223;223;220m▀[0m[38;2;224;184;82m║[0m
[38;2;221;180;77m║[0m[38;2;219;220;214;48;2;219;220;214m▀[38;2;219;220;214;48;2;219;220;214m▀[38;2;219;220;213;48;2;219;220;214m▀[38;2;219;220;213;48;2;219;220;214m▀[38;2;218;219;211;48;2;218;219;211m▀[38;2;218;219;211;48;2;218;219;211m▀[38;2;217;218;210;48;2;217;218;210m▀[38;2;218;219;211;48;2;217;218;210m▀[38;2;218;218;209;48;2;223;223;213m▀[38;2;71;70;63;48;2;110;109;102m▀[38;2;4;3;0;48;2;4;3;0m▀[38;2;9;8;6;48;2;4;4;4m▀[38;2;9;10;13;48;2;2;3;5m▀[38;2;24;12;4;48;2;69;43;19m▀[38;2;126;85;45;48;2;155;103;54m▀[38;2;195;127;65;48;2;167;109;61m▀[38;2;220;149;88;48;2;144;86;50m▀[38;2;229;156;97;48;2;147;94;60m▀[38;2;240;168;114;48;2;172;121;90m▀[38;2;248;182;137;48;2;186;135;106m▀[38;2;251;193;149;48;2;208;159;130m▀[38;2;252;195;146;48;2;235;185;146m▀[38;2;252;193;144;48;2;245;192;147m▀[38;2;253;193;148;48;2;247;189;148m▀[38;2;254;189;140;48;2;239;177;134m▀[38;2;247;174;120;48;2;218;155;115m▀[38;2;227;154;91;48;2;194;136;93m▀[38;2;206;142;72;48;2;177;126;77m▀[38;2;108;71;36;48;2;101;67;44m▀[38;2;23;16;13;48;2;70;63;62m▀[38;2;182;182;174;48;2;220;219;207m▀[38;2;222;221;217;48;2;219;219;209m▀[38;2;218;219;214;48;2;218;219;213m▀[38;2;218;219;213;48;2;218;219;213m▀[38;2;219;220;214;48;2;219;220;214m▀[38;2;219;220;214;48;2;219;220;214m▀[38;2;219;220;211;48;2;219;220;211m▀[38;2;220;221;214;48;2;220;221;214m▀[38;2;222;222;217;48;2;222;222;217m▀[38;2;223;223;220;48;2;223;223;220m▀[0m[38;2;221;180;77m║[0m
[38;2;217;177;72m║[0m[38;2;219;220;214;48;2;219;220;214m▀[38;2;219;220;214;48;2;219;220;214m▀[38;2;219;220;214;48;2;219;220;214m▀[38;2;219;220;214;48;2;219;220;214m▀[38;2;219;220;212;48;2;219;220;212m▀[38;2;217;218;210;48;2;217;218;210m▀[38;2;218;219;211;48;2;217;218;210m▀[38;2;218;219;211;48;2;217;218;209m▀[38;2;225;225;215;48;2;222;222;212m▀[38;2;154;153;146;48;2;184;183;176m▀[38;2;9;9;4;48;2;19;18;13m▀[38;2;7;7;6;48;2;4;4;3m▀[38;2;12;8;5;48;2;23;13;6m▀[38;2;119;74;37;48;2;139;91;52m▀[38;2;165;103;50;48;2;178;112;62m▀[38;2;103;55;21;48;2;163;107;71m▀[38;2;111;65;46;48;2;159;102;69m▀[38;2;127;91;78;48;2;115;73;54m▀[38;2;117;84;73;48;2;114;75;62m▀[38;2;98;58;42;48;2;162;109;87m▀[38;2;106;59;39;48;2;174;112;84m▀[38;2;178;129;94;48;2;188;126;83m▀[38;2;239;186;141;48;2;240;178;125m▀[38;2;226;168;123;48;2;208;143;91m▀[38;2;159;108;68;48;2;155;95;56m▀[38;2;103;63;40;48;2;134;91;75m▀[38;2;85;54;37;48;2;131;96;88m▀[38;2;73;45;21;48;2;137;98;78m▀[38;2;54;30;15;48;2;95;76;60m▀[38;2;144;138;138;48;2;198;195;195m▀[38;2;227;226;212;48;2;223;222;209m▀[38;2;218;219;208;48;2;218;219;212m▀[38;2;218;219;213;48;2;218;219;214m▀[38;2;218;219;213;48;2;218;219;213m▀[38;2;219;220;214;48;2;219;220;214m▀[38;2;219;220;214;48;2;219;220;214m▀[38;2;220;221;212;48;2;220;221;212m▀[38;2;222;223;216;48;2;222;223;216m▀[38;2;222;223;217;48;2;222;223;217m▀[38;2;223;224;220;48;2;223;224;220m▀[0m[38;2;217;177;72m║[0m
[38;2;214;173;66m║[0m[38;2;220;221;214;48;2;220;221;214m▀[38;2;219;220;213;48;2;218;219;212m▀[38;2;218;219;211;48;2;216;217;209m▀[38;2;217;218;210;48;2;215;216;208m▀[38;2;217;218;208;48;2;216;216;206m▀[38;2;216;216;207;48;2;215;215;205m▀[38;2;216;216;207;48;2;215;215;205m▀[38;2;216;217;207;48;2;215;215;204m▀[38;2;222;218;209;48;2;220;217;205m▀[38;2;195;174;166;48;2;205;163;154m▀[38;2;85;46;34;48;2;170;88;72m▀[38;2;40;21;13;48;2;134;80;60m▀[38;2;32;16;6;48;2;89;52;29m▀[38;2;150;102;61;48;2;175;119;70m▀[38;2;203;137;85;48;2;215;146;92m▀[38;2;205;144;107;48;2;220;153;114m▀[38;2;165;110;78;48;2;222;159;120m▀[38;2;147;101;86;48;2;218;159;131m▀[38;2;150;102;96;48;2;220;158;139m▀[38;2;192;131;120;48;2;222;154;130m▀[38;2;194;129;94;48;2;218;150;112m▀[38;2;197;125;78;48;2;205;130;83m▀[38;2;234;158;107;48;2;231;152;104m▀[38;2;213;140;92;48;2;231;156;112m▀[38;2;175;116;84;48;2;196;129;91m▀[38;2;121;78;68;48;2;197;138;116m▀[38;2;126;90;83;48;2;180;127;106m▀[38;2;119;82;55;48;2;173;122;86m▀[38;2;139;117;91;48;2;175;145;111m▀[38;2;205;204;198;48;2;214;211;201m▀[38;2;219;221;214;48;2;216;220;214m▀[38;2;217;220;211;48;2;215;220;209m▀[38;2;218;220;213;48;2;219;220;213m▀[38;2;219;220;213;48;2;219;220;213m▀[38;2;220;221;214;48;2;220;221;214m▀[38;2;220;221;214;48;2;220;221;214m▀[38;2;220;221;213;48;2;220;221;214m▀[38;2;222;223;217;48;2;222;223;217m▀[38;2;223;224;221;48;2;223;224;222m▀[38;2;224;225;224;48;2;225;225;225m▀[0m[38;2;214;173;66m║[0m
[38;2;210;170;61m║[0m[38;2;219;220;213;48;2;218;219;212m▀[38;2;217;218;210;48;2;216;217;209m▀[38;2;215;216;208;48;2;215;216;208m▀[38;2;214;215;207;48;2;213;214;206m▀[38;2;215;215;205;48;2;212;212;203m▀[38;2;214;214;204;48;2;212;212;203m▀[38;2;212;212;203;48;2;211;211;202m▀[38;2;211;212;202;48;2;212;211;201m▀[38;2;216;214;201;48;2;215;211;200m▀[38;2;209;165;156;48;2;216;193;183m▀[38;2;200;104;87;48;2;195;119;101m▀[38;2;189;106;80;48;2;195;107;85m▀[38;2;144;85;51;48;2;158;94;63m▀[38;2;182;121;69;48;2;167;112;66m▀[38;2;214;146;93;48;2;201;139;91m▀[38;2;233;158;119;48;2;231;151;114m▀[38;2;245;173;132;48;2;246;164;130m▀[38;2;249;180;144;48;2;255;175;142m▀[38;2;254;185;152;48;2;255;182;148m▀[38;2;253;183;145;48;2;255;185;145m▀[38;2;233;159;117;48;2;232;153;108m▀[38;2;208;128;80;48;2;197;112;65m▀[38;2;228;147;101;48;2;222;139;96m▀[38;2;236;163;121;48;2;243;171;132m▀[38;2;210;141;91;48;2;206;141;91m▀[38;2;233;163;121;48;2;239;165;120m▀[38;2;223;154;115;48;2;243;167;126m▀[38;2;216;153;107;48;2;227;159;115m▀[38;2;205;167;129;48;2;209;163;122m▀[38;2;224;220;206;48;2;224;218;200m▀[38;2;215;221;214;48;2;215;221;213m▀[38;2;217;221;212;48;2;217;221;214m▀[38;2;220;221;214;48;2;220;221;214m▀[38;2;220;221;214;48;2;220;221;214m▀[38;2;220;221;214;48;2;220;221;214m▀[38;2;221;222;215;48;2;222;223;216m▀[38;2;221;222;215;48;2;222;223;216m▀[38;2;223;224;218;48;2;223;224;218m▀[38;2;224;224;223;48;2;224;224;223m▀[38;2;225;225;226;48;2;225;225;226m▀[0m[38;2;210;170;61m║[0m
[38;2;207;166;56m║[0m[38;2;217;216;209;48;2;216;214;208m▀[38;2;215;215;207;48;2;214;214;205m▀[38;2;213;214;202;48;2;213;213;200m▀[38;2;213;213;200;48;2;213;213;198m▀[38;2;212;212;199;48;2;213;213;198m▀[38;2;212;210;198;48;2;213;210;196m▀[38;2;214;210;199;48;2;215;210;197m▀[38;2;216;209;198;48;2;217;208;197m▀[38;2;216;208;197;48;2;212;210;195m▀[38;2;221;209;200;48;2;214;211;198m▀[38;2;194;149;132;48;2;217;194;176m▀[38;2;176;102;77;48;2;174;122;94m▀[38;2;156;93;61;48;2;170;111;76m▀[38;2;160;106;63;48;2;156;101;56m▀[38;2;188;127;82;48;2;182;120;74m▀[38;2;222;143;108;48;2;211;138;102m▀[38;2;238;159;129;48;2;229;155;126m▀[38;2;251;174;146;48;2;241;168;140m▀[38;2;255;181;151;48;2;250;178;145m▀[38;2;250;178;140;48;2;247;173;135m▀[38;2;208;125;83;48;2;213;128;98m▀[38;2;195;111;72;48;2;168;85;60m▀[38;2;225;147;113;48;2;174;96;76m▀[38;2;248;180;149;48;2;201;128;109m▀[38;2;208;142;100;48;2;191;125;81m▀[38;2;238;163;126;48;2;239;167;123m▀[38;2;242;165;129;48;2;233;160;116m▀[38;2;221;152;111;48;2;204;140;94m▀[38;2;201;159;121;48;2;199;168;135m▀[38;2;225;218;206;48;2;225;221;214m▀[38;2;217;221;212;48;2;218;221;211m▀[38;2;219;221;216;48;2;220;221;217m▀[38;2;220;221;215;48;2;220;221;216m▀[38;2;220;221;215;48;2;220;221;215m▀[38;2;221;222;215;48;2;223;224;218m▀[38;2;221;222;216;48;2;223;224;218m▀[38;2;222;223;218;48;2;222;222;219m▀[38;2;224;223;220;48;2;223;223;221m▀[38;2;224;224;222;48;2;224;224;221m▀[38;2;225;225;223;48;2;225;225;222m▀[0m[38;2;207;166;56m║[0m
[38;2;203;162;51m║[0m[38;2;215;213;207;48;2;215;213;207m▀[38;2;213;212;204;48;2;213;212;204m▀[38;2;212;212;199;48;2;211;211;199m▀[38;2;212;212;197;48;2;211;211;197m▀[38;2;212;212;197;48;2;211;211;197m▀[38;2;214;211;197;48;2;214;211;197m▀[38;2;214;209;196;48;2;214;209;196m▀[38;2;215;208;196;48;2;216;207;196m▀[38;2;209;213;195;48;2;212;209;194m▀[38;2;208;213;197;48;2;208;211;195m▀[38;2;219;212;194;48;2;218;216;200m▀[38;2;149;121;97;48;2;136;123;105m▀[38;2;137;85;50;48;2;100;59;22m▀[38;2;154;97;53;48;2;152;93;50m▀[38;2;182;119;74;48;2;183;119;74m▀[38;2;202;135;96;48;2;197;137;96m▀[38;2;220;150;116;48;2;215;151;106m▀[38;2;232;163;127;48;2;228;164;118m▀[38;2;248;179;141;48;2;228;162;122m▀[38;2;246;177;139;48;2;211;144;113m▀[38;2;219;155;122;48;2;213;141;119m▀[38;2;193;132;100;48;2;217;145;123m▀[38;2;180;121;92;48;2;221;148;125m▀[38;2;171;114;84;48;2;208;135;111m▀[38;2;205;143;98;48;2;204;139;104m▀[38;2;236;168;115;48;2;210;146;94m▀[38;2;218;155;100;48;2;201;144;90m▀[38;2;183;131;83;48;2;176;133;91m▀[38;2;204;185;159;48;2;215;205;187m▀[38;2;221;222;218;48;2;215;221;219m▀[38;2;218;221;209;48;2;218;221;207m▀[38;2;220;221;215;48;2;220;222;213m▀[38;2;220;221;216;48;2;221;222;217m▀[38;2;220;221;215;48;2;221;222;216m▀[38;2;223;224;218;48;2;222;223;217m▀[38;2;223;224;218;48;2;222;223;217m▀[38;2;223;223;220;48;2;223;223;220m▀[38;2;224;224;221;48;2;225;225;222m▀[38;2;225;225;222;48;2;226;226;223m▀[38;2;226;226;223;48;2;226;226;223m▀[0m[38;2;203;162;51m║[0m
[38;2;199;158;47m║[0m[38;2;215;213;207;48;2;215;213;207m▀[38;2;213;212;204;48;2;213;212;204m▀[38;2;210;210;198;48;2;210;210;198m▀[38;2;210;210;196;48;2;210;210;196m▀[38;2;212;210;195;48;2;213;210;194m▀[38;2;213;210;195;48;2;213;210;194m▀[38;2;213;210;195;48;2;212;210;194m▀[38;2;213;208;194;48;2;210;208;192m▀[38;2;212;207;194;48;2;209;207;193m▀[38;2;209;208;192;48;2;208;208;191m▀[38;2;215;213;193;48;2;213;211;191m▀[38;2;152;143;121;48;2;192;183;159m▀[38;2;106;66;28;48;2;126;85;41m▀[38;2;145;87;41;48;2;142;82;31m▀[38;2;169;113;75;48;2;148;95;58m▀[38;2;199;138;99;48;2;188;128;88m▀[38;2;217;152;108;48;2;208;146;103m▀[38;2;230;165;118;48;2;225;162;113m▀[38;2;223;155;114;48;2;248;182;132m▀[38;2;198;125;96;48;2;246;178;136m▀[38;2;193;105;90;48;2;227;160;123m▀[38;2;202;92;91;48;2;221;133;112m▀[38;2;204;85;90;48;2;215;119;106m▀[38;2;187;79;77;48;2;208;125;101m▀[38;2;173;95;72;48;2;216;144;102m▀[38;2;196;129;79;48;2;221;152;97m▀[38;2;188;137;84;48;2;178;132;85m▀[38;2;183;150;119;48;2;200;186;162m▀[38;2;221;219;207;48;2;220;221;212m▀[38;2;217;220;215;48;2;219;220;212m▀[38;2;220;221;211;48;2;220;221;214m▀[38;2;221;223;214;48;2;222;223;216m▀[38;2;223;223;219;48;2;223;223;220m▀[38;2;223;223;219;48;2;223;223;220m▀[38;2;223;224;220;48;2;224;224;221m▀[38;2;223;224;220;48;2;224;224;221m▀[38;2;224;224;223;48;2;224;224;224m▀[38;2;226;226;225;48;2;226;226;226m▀[38;2;227;227;226;48;2;227;227;227m▀[38;2;227;227;226;48;2;227;227;227m▀[0m[38;2;199;158;47m║[0m
[38;2;193;152;45m║[0m[38;2;214;212;206;48;2;214;212;206m▀[38;2;212;211;203;48;2;212;211;203m▀[38;2;210;210;198;48;2;210;210;198m▀[38;2;210;210;196;48;2;210;210;196m▀[38;2;212;210;194;48;2;212;210;194m▀[38;2;212;209;193;48;2;211;209;192m▀[38;2;211;209;193;48;2;210;208;192m▀[38;2;209;207;191;48;2;209;206;191m▀[38;2;207;205;190;48;2;207;204;189m▀[38;2;206;206;190;48;2;212;211;195m▀[38;2;213;211;195;48;2;147;144;133m▀[38;2;197;186;169;48;2;57;47;38m▀[38;2;138;93;43;48;2;133;85;27m▀[38;2;165;99;38;48;2;191;120;49m▀[38;2;132;78;33;48;2;163;106;56m▀[38;2;162;105;64;48;2;136;83;40m▀[38;2;191;135;92;48;2;157;106;65m▀[38;2;211;155;105;48;2;185;133;87m▀[38;2;235;176;123;48;2;215;159;115m▀[38;2;248;186;138;48;2;239;180;144m▀[38;2;237;177;130;48;2;244;181;142m▀[38;2;222;156;116;48;2;230;168;131m▀[38;2;209;143;104;48;2;225;165;124m▀[38;2;218;160;109;48;2;232;170;118m▀[38;2;222;163;99;48;2;215;159;99m▀[38;2;201;142;89;48;2;176;140;97m▀[38;2;181;148;116;48;2;209;195;177m▀[38;2;216;216;201;48;2;219;218;214m▀[38;2;215;218;210;48;2;215;216;209m▀[38;2;217;218;210;48;2;217;218;210m▀[38;2;219;220;213;48;2;218;219;211m▀[38;2;221;222;215;48;2;220;221;214m▀[38;2;222;222;219;48;2;221;221;218m▀[38;2;223;223;220;48;2;223;223;220m▀[38;2;224;224;221;48;2;224;224;221m▀[38;2;224;224;221;48;2;224;224;221m▀[38;2;224;224;224;48;2;224;224;224m▀[38;2;226;226;226;48;2;226;226;226m▀[38;2;227;227;227;48;2;227;227;227m▀[38;2;227;227;227;48;2;227;227;227m▀[0m[38;2;193;152;45m║[0m
[38;2;187;147;42m║[0m[38;2;213;212;204;48;2;212;212;203m▀[38;2;211;210;202;48;2;210;210;201m▀[38;2;210;210;200;48;2;210;210;202m▀[38;2;210;209;198;48;2;209;209;200m▀[38;2;212;209;195;48;2;211;208;194m▀[38;2;210;207;192;48;2;210;206;192m▀[38;2;209;206;190;48;2;215;211;197m▀[38;2;209;206;191;48;2;207;204;190m▀[38;2;213;213;195;48;2;145;146;136m▀[38;2;221;222;206;48;2;107;108;103m▀[38;2;98;97;92;48;2;22;23;23m▀[38;2;1;0;0;48;2;0;0;3m▀[38;2;123;76;24;48;2;78;46;19m▀[38;2;196;127;48;48;2;190;126;55m▀[38;2;198;140;77;48;2;211;146;73m▀[38;2;187;125;78;48;2;216;155;101m▀[38;2;144;90;44;48;2;198;144;92m▀[38;2;144;92;48;48;2;162;109;63m▀[38;2;170;118;83;48;2;138;87;51m▀[38;2;200;147;119;48;2;147;98;68m▀[38;2;218;163;130;48;2;162;116;80m▀[38;2;214;161;131;48;2;162;118;84m▀[38;2;211;160;128;48;2;159;119;86m▀[38;2;199;149;110;48;2;148;111;75m▀[38;2;176;136;96;48;2;181;158;128m▀[38;2;198;183;159;48;2;223;216;200m▀[38;2;219;218;208;48;2;214;215;206m▀[38;2;219;215;208;48;2;217;214;203m▀[38;2;216;217;209;48;2;215;216;207m▀[38;2;216;217;209;48;2;215;216;208m▀[38;2;217;218;210;48;2;215;216;208m▀[38;2;218;219;211;48;2;216;217;209m▀[38;2;220;221;214;48;2;218;219;209m▀[38;2;223;224;218;48;2;221;222;215m▀[38;2;224;225;220;48;2;223;224;218m▀[38;2;224;224;221;48;2;225;225;222m▀[38;2;225;225;225;48;2;225;225;225m▀[38;2;227;227;227;48;2;227;227;227m▀[38;2;228;228;228;48;2;228;228;228m▀[38;2;227;227;227;48;2;227;227;227m▀[0m[38;2;187;147;42m║[0m
[38;2;181;141;40m║[0m[38;2;211;211;202;48;2;210;210;201m▀[38;2;210;210;201;48;2;210;210;201m▀[38;2;210;210;202;48;2;212;212;203m▀[38;2;209;209;199;48;2;219;218;209m▀[38;2;212;211;198;48;2;195;196;187m▀[38;2;217;217;205;48;2;105;105;102m▀[38;2;188;187;180;48;2;28;27;30m▀[38;2;78;77;74;48;2;0;0;1m▀[38;2;0;1;5;48;2;0;4;10m▀[38;2;0;0;1;48;2;0;4;10m▀[38;2;0;1;8;48;2;0;3;9m▀[38;2;0;0;9;48;2;0;2;7m▀[38;2;22;10;9;48;2;0;0;2m▀[38;2;158;109;64;48;2;76;52;34m▀[38;2;217;151;81;48;2;211;150;95m▀[38;2;219;166;107;48;2;223;167;110m▀[38;2;220;167;117;48;2;225;173;124m▀[38;2;211;158;111;48;2;223;171;123m▀[38;2;183;133;92;48;2;211;164;117m▀[38;2;156;109;70;48;2;198;152;106m▀[38;2;143;101;58;48;2;190;141;96m▀[38;2;141;101;62;48;2;190;143;101m▀[38;2;144;106;67;48;2;187;142;101m▀[38;2;146;113;73;48;2;157;118;77m▀[38;2;199;181;159;48;2;112;101;87m▀[38;2;221;216;202;48;2;215;212;201m▀[38;2;214;214;203;48;2;215;214;202m▀[38;2;216;214;201;48;2;214;213;199m▀[38;2;213;214;205;48;2;213;214;205m▀[38;2;213;214;206;48;2;213;214;206m▀[38;2;214;215;207;48;2;213;214;207m▀[38;2;215;216;208;48;2;215;216;208m▀[38;2;216;217;207;48;2;216;217;207m▀[38;2;219;220;212;48;2;218;220;212m▀[38;2;222;223;217;48;2;221;222;216m▀[38;2;224;224;221;48;2;224;224;221m▀[38;2;226;226;226;48;2;226;226;226m▀[38;2;228;228;228;48;2;228;228;228m▀[38;2;228;228;228;48;2;228;228;228m▀[38;2;227;227;227;48;2;227;227;227m▀[0m[38;2;181;141;40m║[0m
[38;2;174;135;38m║[0m[38;2;211;212;196;48;2;210;212;201m▀[38;2;216;217;204;48;2;140;141;135m▀[38;2;195;196;188;48;2;39;39;40m▀[38;2;124;124;120;48;2;0;0;5m▀[38;2;36;38;38;48;2;0;0;4m▀[38;2;0;0;0;48;2;0;1;6m▀[38;2;0;0;3;48;2;0;1;6m▀[38;2;1;0;8;48;2;0;1;5m▀[38;2;0;2;7;48;2;0;2;7m▀[38;2;0;5;9;48;2;0;3;8m▀[38;2;0;5;9;48;2;1;5;10m▀[38;2;0;3;7;48;2;1;4;10m▀[38;2;1;2;7;48;2;4;3;17m▀[38;2;10;4;3;48;2;0;0;7m▀[38;2;147;110;77;48;2;54;36;26m▀[38;2;224;168;113;48;2;208;161;119m▀[38;2;227;172;127;48;2;230;173;124m▀[38;2;223;176;131;48;2;226;177;126m▀[38;2;216;170;122;48;2;220;171;120m▀[38;2;210;158;108;48;2;216;160;112m▀[38;2;205;154;107;48;2;206;157;109m▀[38;2;198;146;104;48;2;196;145;102m▀[38;2;179;134;84;48;2;173;130;74m▀[38;2;142;107;70;48;2;115;87;56m▀[38;2;15;11;7;48;2;0;0;0m▀[38;2;131;131;124;48;2;6;6;6m▀[38;2;215;216;205;48;2;74;76;73m▀[38;2;216;217;203;48;2;178;181;177m▀[38;2;214;214;200;48;2;221;221;209m▀[38;2;213;213;202;48;2;217;217;205m▀[38;2;215;214;206;48;2;215;214;207m▀[38;2;216;215;208;48;2;216;215;209m▀[38;2;216;217;207;48;2;216;217;207m▀[38;2;219;220;212;48;2;219;220;212m▀[38;2;220;221;215;48;2;220;221;215m▀[38;2;222;222;219;48;2;222;222;219m▀[38;2;224;224;224;48;2;223;223;223m▀[38;2;227;227;227;48;2;225;225;225m▀[38;2;226;226;226;48;2;226;226;226m▀[38;2;226;226;226;48;2;226;226;226m▀[0m[38;2;174;135;38m║[0m
[38;2;168;129;35m║[0m[38;2;72;76;80;48;2;0;3;10m▀[38;2;6;8;13;48;2;1;5;10m▀[38;2;0;0;6;48;2;0;4;9m▀[38;2;1;2;12;48;2;0;2;7m▀[38;2;0;2;8;48;2;0;2;7m▀[38;2;0;3;7;48;2;0;2;7m▀[38;2;0;1;6;48;2;0;1;6m▀[38;2;0;0;5;48;2;0;1;6m▀[38;2;0;1;6;48;2;0;1;6m▀[38;2;0;1;6;48;2;0;1;6m▀[38;2;0;3;8;48;2;0;1;6m▀[38;2;1;4;9;48;2;0;3;7m▀[38;2;3;4;17;48;2;1;5;9m▀[38;2;3;4;17;48;2;1;7;14m▀[38;2;7;0;1;48;2;2;4;9m▀[38;2;125;97;80;48;2;25;18;16m▀[38;2;231;179;131;48;2;183;148;119m▀[38;2;226;172;115;48;2;229;181;130m▀[38;2;220;166;113;48;2;218;164;110m▀[38;2;215;159;115;48;2;207;155;110m▀[38;2;209;158;112;48;2;205;152;105m▀[38;2;196;142;100;48;2;190;132;92m▀[38;2;172;126;71;48;2;178;129;75m▀[38;2;105;73;41;48;2;106;71;38m▀[38;2;1;0;0;48;2;5;3;2m▀[38;2;0;0;5;48;2;0;0;1m▀[38;2;0;0;4;48;2;1;2;7m▀[38;2;23;24;30;48;2;0;0;7m▀[38;2;124;125;123;48;2;0;1;7m▀[38;2;191;191;188;48;2;21;23;26m▀[38;2;217;217;213;48;2;73;75;75m▀[38;2;218;219;214;48;2;184;188;183m▀[38;2;216;217;207;48;2;221;222;212m▀[38;2;219;220;212;48;2;218;219;212m▀[38;2;219;220;214;48;2;219;220;214m▀[38;2;221;221;218;48;2;220;221;218m▀[38;2;222;222;222;48;2;222;222;221m▀[38;2;224;224;224;48;2;223;223;223m▀[38;2;225;225;225;48;2;223;223;224m▀[38;2;225;225;225;48;2;225;225;225m▀[0m[38;2;168;129;35m║[0m
[38;2;162;124;33m║[0m[38;2;3;7;15;48;2;0;3;13m▀[38;2;2;6;12;48;2;1;4;15m▀[38;2;1;6;12;48;2;0;2;11m▀[38;2;0;2;8;48;2;1;5;14m▀[38;2;0;3;7;48;2;0;4;10m▀[38;2;0;2;7;48;2;1;5;10m▀[38;2;0;2;7;48;2;2;6;11m▀[38;2;0;3;8;48;2;1;5;10m▀[38;2;0;2;7;48;2;0;4;9m▀[38;2;0;1;6;48;2;0;4;9m▀[38;2;0;0;4;48;2;0;3;8m▀[38;2;0;1;4;48;2;0;0;2m▀[38;2;1;3;4;48;2;0;0;0m▀[38;2;0;3;5;48;2;0;0;0m▀[38;2;1;3;4;48;2;0;0;0m▀[38;2;0;0;1;48;2;0;0;1m▀[38;2;49;38;31;48;2;0;0;0m▀[38;2;178;142;112;48;2;25;15;11m▀[38;2;226;173;125;48;2;136;103;80m▀[38;2;208;154;104;48;2;199;152;109m▀[38;2;201;149;104;48;2;195;143;95m▀[38;2;195;145;99;48;2;218;166;119m▀[38;2;193;148;97;48;2;212;162;115m▀[38;2;103;68;33;48;2;135;93;49m▀[38;2;4;0;0;48;2;15;8;5m▀[38;2;0;1;5;48;2;0;2;12m▀[38;2;2;0;1;48;2;6;1;3m▀[38;2;1;1;6;48;2;2;3;7m▀[38;2;0;1;7;48;2;0;1;6m▀[38;2;0;0;5;48;2;0;1;6m▀[38;2;0;0;1;48;2;1;3;9m▀[38;2;39;43;43;48;2;0;0;1m▀[38;2;199;201;195;48;2;83;86;85m▀[38;2;221;224;215;48;2;219;223;215m▀[38;2;218;220;213;48;2;217;220;213m▀[38;2;218;219;219;48;2;216;218;219m▀[38;2;220;220;219;48;2;219;219;217m▀[38;2;221;221;219;48;2;221;220;217m▀[38;2;222;222;221;48;2;222;222;219m▀[38;2;224;224;222;48;2;223;223;220m▀[0m[38;2;162;124;33m║[0m
[38;2;156;118;30m║[0m[38;2;0;3;13;48;2;0;4;14m▀[38;2;1;3;13;48;2;0;2;12m▀[38;2;0;2;12;48;2;0;2;12m▀[38;2;0;3;12;48;2;1;3;12m▀[38;2;2;6;12;48;2;0;3;9m▀[38;2;1;5;10;48;2;1;5;10m▀[38;2;1;5;10;48;2;1;5;10m▀[38;2;1;4;9;48;2;0;3;8m▀[38;2;0;2;7;48;2;0;3;8m▀[38;2;0;4;9;48;2;0;3;8m▀[38;2;0;4;9;48;2;0;3;8m▀[38;2;0;1;6;48;2;0;2;7m▀[38;2;0;1;4;48;2;0;1;8m▀[38;2;0;1;3;48;2;0;1;8m▀[38;2;1;1;4;48;2;1;2;9m▀[38;2;0;1;4;48;2;0;1;7m▀[38;2;0;2;5;48;2;0;3;7m▀[38;2;0;2;13;48;2;0;4;16m▀[38;2;3;0;4;48;2;0;2;12m▀[38;2;83;60;43;48;2;2;0;0m▀[38;2;174;127;85;48;2;62;37;24m▀[38;2;221;161;121;48;2;175;127;89m▀[38;2;227;164;119;48;2;228;167;115m▀[38;2;203;148;99;48;2;241;183;137m▀[38;2;63;48;37;48;2;85;62;50m▀[38;2;0;0;9;48;2;0;0;9m▀[38;2;4;1;6;48;2;3;1;10m▀[38;2;2;3;8;48;2;1;2;9m▀[38;2;0;2;8;48;2;0;2;8m▀[38;2;0;3;7;48;2;0;3;7m▀[38;2;0;3;8;48;2;0;2;7m▀[38;2;0;2;7;48;2;0;2;9m▀[38;2;3;3;6;48;2;0;0;5m▀[38;2;146;149;146;48;2;61;63;64m▀[38;2;222;225;218;48;2;215;218;211m▀[38;2;215;218;216;48;2;215;218;215m▀[38;2;218;218;216;48;2;217;217;215m▀[38;2;220;220;216;48;2;219;219;216m▀[38;2;220;220;217;48;2;220;220;217m▀[38;2;222;222;219;48;2;222;222;219m▀[0m[38;2;156;118;30m║[0m
[38;2;150;112;28m╚════════════════════════════════════════╝[0m
