[38;2;255;226;140m╔════════════════════════════════════════╗[0m
[38;2;252;222;134m║[0m[38;2;205;202;182;48;2;205;202;182m▀[38;2;205;202;182;48;2;205;202;182m▀[38;2;205;202;182;48;2;205;202;182m▀[38;2;205;202;182;48;2;205;202;182m▀[38;2;207;200;178;48;2;207;200;178m▀[38;2;207;200;178;48;2;207;200;178m▀[38;2;207;200;178;48;2;207;200;178m▀[38;2;207;200;178;48;2;207;200;178m▀[38;2;207;200;178;48;2;207;200;178m▀[38;2;207;200;178;48;2;207;200;178m▀[38;2;206;199;177;48;2;206;199;177m▀[38;2;206;199;177;48;2;206;199;177m▀[38;2;207;200;178;48;2;207;200;178m▀[38;2;207;200;178;48;2;207;200;178m▀[38;2;207;200;178;48;2;207;200;178m▀[38;2;207;200;178;48;2;207;200;178m▀[38;2;204;201;178;48;2;204;201;178m▀[38;2;204;201;178;48;2;204;201;178m▀[38;2;204;201;178;48;2;204;201;178m▀[38;2;204;201;178;48;2;204;201;178m▀[38;2;205;202;182;48;2;205;202;182m▀[38;2;205;202;182;48;2;205;202;182m▀[38;2;205;202;182;48;2;205;202;182m▀[38;2;205;202;182;48;2;205;202;182m▀[38;2;205;202;182;48;2;205;202;182m▀[38;2;205;202;182;48;2;205;202;182m▀[38;2;205;202;182;48;2;205;202;182m▀[38;2;205;202;182;48;2;205;202;182m▀[38;2;205;202;182;48;2;205;202;182m▀[38;2;205;202;182;48;2;205;202;182m▀[38;2;206;203;183;48;2;206;203;183m▀[38;2;206;203;183;48;2;206;203;183m▀[38;2;206;203;185;48;2;206;203;185m▀[38;2;208;205;187;48;2;208;205;187m▀[38;2;208;205;187;48;2;208;205;187m▀[38;2;208;205;187;48;2;208;205;187m▀[38;2;209;205;190;48;2;209;205;190m▀[38;2;209;205;190;48;2;209;205;190m▀[38;2;210;206;191;48;2;209;205;190m▀[38;2;212;207;192;48;2;211;206;191m▀[0m[38;2;252;222;134m║[0m
[38;2;249;217;128m║[0m[38;2;206;203;183;48;2;206;203;183m▀[38;2;206;203;183;48;2;206;203;183m▀[38;2;205;202;182;48;2;205;202;182m▀[38;2;205;202;182;48;2;205;202;182m▀[38;2;208;201;179;48;2;208;201;179m▀[38;2;208;201;179;48;2;208;201;179m▀[38;2;207;200;178;48;2;207;200;178m▀[38;2;207;200;178;48;2;207;200;178m▀[38;2;207;200;178;48;2;207;200;178m▀[38;2;207;200;178;48;2;207;200;178m▀[38;2;206;199;177;48;2;206;199;177m▀[38;2;206;199;177;48;2;206;199;177m▀[38;2;206;199;177;48;2;206;199;177m▀[38;2;206;199;177;48;2;206;199;177m▀[38;2;207;200;178;48;2;207;200;178m▀[38;2;207;200;178;48;2;207;200;178m▀[38;2;204;201;178;48;2;204;201;178m▀[38;2;204;201;178;48;2;204;201;178m▀[38;2;204;201;178;48;2;204;201;178m▀[38;2;204;201;178;48;2;204;201;178m▀[38;2;205;202;182;48;2;205;202;182m▀[38;2;205;202;182;48;2;205;202;182m▀[38;2;204;201;181;48;2;204;201;181m▀[38;2;204;201;181;48;2;204;201;181m▀[38;2;204;201;181;48;2;204;201;181m▀[38;2;204;201;181;48;2;204;201;181m▀[38;2;205;202;182;48;2;205;202;182m▀[38;2;205;202;182;48;2;205;202;182m▀[38;2;205;202;182;48;2;205;202;182m▀[38;2;205;202;182;48;2;205;202;182m▀[38;2;205;202;182;48;2;205;202;182m▀[38;2;205;202;182;48;2;205;202;182m▀[38;2;206;203;185;48;2;206;203;185m▀[38;2;208;205;187;48;2;208;205;187m▀[38;2;208;205;187;48;2;208;205;187m▀[38;2;208;205;187;48;2;208;205;187m▀[38;2;209;205;190;48;2;209;205;190m▀[38;2;209;205;190;48;2;209;205;190m▀[38;2;210;206;191;48;2;210;206;191m▀[38;2;210;206;191;48;2;210;206;191m▀[0m[38;2;249;217;128m║[0m
[38;2;246;213;122m║[0m[38;2;206;203;180;48;2;206;203;180m▀[38;2;206;203;180;48;2;206;203;180m▀[38;2;205;202;179;48;2;205;202;179m▀[38;2;205;202;179;48;2;205;202;179m▀[38;2;208;202;180;48;2;208;202;180m▀[38;2;208;200;178;48;2;208;201;179m▀[38;2;207;200;178;48;2;209;202;180m▀[38;2;207;200;178;48;2;209;202;180m▀[38;2;207;200;178;48;2;207;200;178m▀[38;2;207;200;178;48;2;207;200;178m▀[38;2;206;199;177;48;2;206;199;177m▀[38;2;206;199;177;48;2;206;199;177m▀[38;2;206;199;177;48;2;206;199;177m▀[38;2;206;199;177;48;2;206;199;177m▀[38;2;206;199;177;48;2;206;199;177m▀[38;2;206;199;177;48;2;206;199;177m▀[38;2;204;201;178;48;2;204;199;175m▀[38;2;204;201;178;48;2;203;200;176m▀[38;2;204;201;178;48;2;202;198;175m▀[38;2;204;201;178;48;2;203;199;176m▀[38;2;205;202;183;48;2;207;203;182m▀[38;2;205;202;183;48;2;207;203;182m▀[38;2;205;202;183;48;2;206;202;180m▀[38;2;205;202;182;48;2;206;202;181m▀[38;2;204;201;179;48;2;204;201;178m▀[38;2;204;201;178;48;2;204;201;178m▀[38;2;204;201;178;48;2;204;201;178m▀[38;2;204;201;178;48;2;204;201;178m▀[38;2;205;202;182;48;2;205;202;182m▀[38;2;205;202;182;48;2;205;202;182m▀[38;2;205;202;182;48;2;205;202;182m▀[38;2;205;202;182;48;2;205;202;182m▀[38;2;205;202;182;48;2;205;202;182m▀[38;2;207;204;184;48;2;207;204;184m▀[38;2;208;205;185;48;2;208;205;185m▀[38;2;208;205;186;48;2;208;205;185m▀[38;2;209;205;191;48;2;209;205;189m▀[38;2;209;205;191;48;2;209;205;189m▀[38;2;210;206;192;48;2;210;206;190m▀[38;2;210;206;192;48;2;210;206;190m▀[0m[38;2;246;213;122m║[0m
[38;2;243;209;116m║[0m[38;2;207;204;181;48;2;207;204;181m▀[38;2;207;204;181;48;2;207;204;181m▀[38;2;206;203;180;48;2;206;203;180m▀[38;2;206;203;180;48;2;206;203;180m▀[38;2;209;202;180;48;2;209;202;180m▀[38;2;209;202;180;48;2;209;202;180m▀[38;2;208;201;179;48;2;208;201;179m▀[38;2;208;201;179;48;2;208;201;179m▀[38;2;208;201;179;48;2;208;201;179m▀[38;2;208;201;179;48;2;208;201;179m▀[38;2;207;200;178;48;2;207;200;178m▀[38;2;207;200;178;48;2;207;200;178m▀[38;2;207;200;178;48;2;207;200;178m▀[38;2;207;200;178;48;2;207;200;178m▀[38;2;207;200;178;48;2;206;199;177m▀[38;2;207;200;178;48;2;205;198;175m▀[38;2;206;198;176;48;2;202;191;171m▀[38;2;198;191;168;48;2;180;169;148m▀[38;2;188;180;158;48;2;179;168;147m▀[38;2;184;176;154;48;2;161;150;129m▀[38;2;182;175;152;48;2;151;141;117m▀[38;2;200;193;170;48;2;155;145;121m▀[38;2;209;202;180;48;2;192;182;157m▀[38;2;206;199;176;48;2;210;201;176m▀[38;2;204;201;177;48;2;205;200;176m▀[38;2;205;202;179;48;2;204;201;177m▀[38;2;204;201;178;48;2;204;201;178m▀[38;2;204;201;178;48;2;204;201;178m▀[38;2;204;201;181;48;2;204;201;180m▀[38;2;204;201;181;48;2;204;201;181m▀[38;2;205;202;182;48;2;205;202;182m▀[38;2;205;202;182;48;2;205;202;182m▀[38;2;206;203;183;48;2;206;203;183m▀[38;2;206;203;183;48;2;206;203;183m▀[38;2;206;203;183;48;2;206;203;184m▀[38;2;208;205;185;48;2;208;205;184m▀[38;2;207;204;185;48;2;207;204;182m▀[38;2;209;206;187;48;2;209;206;183m▀[38;2;209;206;187;48;2;209;206;183m▀[38;2;209;206;187;48;2;209;206;183m▀[0m[38;2;243;209;116m║[0m
[38;2;240;204;110m║[0m[38;2;210;203;181;48;2;210;203;181m▀[38;2;210;203;181;48;2;210;203;181m▀[38;2;209;202;180;48;2;209;202;180m▀[38;2;209;202;180;48;2;209;202;180m▀[38;2;209;202;180;48;2;209;202;180m▀[38;2;209;202;180;48;2;209;202;180m▀[38;2;208;201;179;48;2;210;203;181m▀[38;2;208;201;179;48;2;210;203;181m▀[38;2;208;201;179;48;2;208;201;179m▀[38;2;208;201;179;48;2;208;201;179m▀[38;2;207;200;178;48;2;207;200;178m▀[38;2;207;200;178;48;2;207;200;178m▀[38;2;206;198;179;48;2;207;202;182m▀[38;2;207;201;178;48;2;205;195;170m▀[38;2;205;199;174;48;2;171;156;129m▀[38;2;195;183;159;48;2;99;81;57m▀[38;2;169;151;130;48;2;50;33;19m▀[38;2;123;105;86;48;2;28;12;2m▀[38;2;92;74;58;48;2;24;6;0m▀[38;2;81;64;46;48;2;27;9;0m▀[38;2;85;63;36;48;2;36;14;1m▀[38;2;97;74;44;48;2;46;23;8m▀[38;2;118;95;65;48;2;51;29;14m▀[38;2;150;127;100;48;2;55;31;15m▀[38;2;188;171;145;48;2;77;50;30m▀[38;2;187;174;150;48;2;111;88;67m▀[38;2;199;193;171;48;2;165;147;128m▀[38;2;203;200;179;48;2;199;187;167m▀[38;2;206;201;177;48;2;205;198;174m▀[38;2;205;200;177;48;2;205;200;176m▀[38;2;204;202;180;48;2;204;202;180m▀[38;2;204;204;184;48;2;204;204;184m▀[38;2;205;202;183;48;2;205;202;183m▀[38;2;207;203;183;48;2;207;203;183m▀[38;2;207;204;184;48;2;207;204;184m▀[38;2;207;204;184;48;2;207;204;184m▀[38;2;207;204;184;48;2;207;204;184m▀[38;2;209;206;185;48;2;209;206;186m▀[38;2;210;207;186;48;2;210;207;187m▀[38;2;210;207;186;48;2;210;207;187m▀[0m[38;2;240;204;110m║[0m
[38;2;237;200;104m║[0m[38;2;212;204;182;48;2;212;204;182m▀[38;2;212;204;182;48;2;212;204;182m▀[38;2;210;203;181;48;2;212;204;182m▀[38;2;209;202;180;48;2;210;203;181m▀[38;2;210;203;181;48;2;210;203;181m▀[38;2;210;203;181;48;2;210;203;181m▀[38;2;210;203;181;48;2;210;203;181m▀[38;2;210;203;181;48;2;210;203;181m▀[38;2;208;201;179;48;2;209;203;181m▀[38;2;209;202;180;48;2;207;200;177m▀[38;2;207;199;177;48;2;208;200;178m▀[38;2;207;201;178;48;2;192;184;162m▀[38;2;191;185;161;48;2;100;91;60m▀[38;2;131;112;83;48;2;72;45;12m▀[38;2;74;49;21;48;2;70;40;14m▀[38;2;39;20;3;48;2;31;15;5m▀[38;2;11;2;0;48;2;3;1;1m▀[38;2;19;8;2;48;2;7;3;1m▀[38;2;37;20;8;48;2;21;7;3m▀[38;2;35;16;5;48;2;32;12;3m▀[38;2;26;6;1;48;2;40;17;4m▀[38;2;33;11;2;48;2;46;23;7m▀[38;2;24;4;0;48;2;47;24;5m▀[38;2;25;4;0;48;2;28;6;0m▀[38;2;37;11;0;48;2;26;7;0m▀[38;2;42;16;2;48;2;35;16;2m▀[38;2;76;53;35;48;2;41;20;1m▀[38;2;153;133;111;48;2;62;43;19m▀[38;2;191;183;158;48;2;152;143;118m▀[38;2;202;198;174;48;2;196;192;168m▀[38;2;203;201;179;48;2;204;202;180m▀[38;2;203;203;183;48;2;203;203;183m▀[38;2;205;202;182;48;2;205;202;182m▀[38;2;207;204;183;48;2;207;204;183m▀[38;2;207;204;184;48;2;207;204;184m▀[38;2;207;204;184;48;2;207;204;184m▀[38;2;209;206;186;48;2;209;206;186m▀[38;2;209;206;186;48;2;209;206;186m▀[38;2;209;206;186;48;2;209;206;186m▀[38;2;211;208;188;48;2;211;208;188m▀[0m[38;2;237;200;104m║[0m
[38;2;234;196;98m║[0m[38;2;212;204;182;48;2;212;204;182m▀[38;2;212;204;182;48;2;212;204;182m▀[38;2;212;204;182;48;2;212;204;182m▀[38;2;212;204;182;48;2;212;204;182m▀[38;2;210;203;181;48;2;210;203;181m▀[38;2;210;203;181;48;2;210;203;181m▀[38;2;210;203;181;48;2;210;203;181m▀[38;2;209;203;180;48;2;204;197;175m▀[38;2;208;205;181;48;2;195;191;168m▀[38;2;204;201;179;48;2;201;194;173m▀[38;2;201;190;169;48;2;142;128;106m▀[38;2;121;100;76;48;2;57;34;12m▀[38;2;52;29;5;48;2;42;18;1m▀[38;2;52;28;7;48;2;32;11;2m▀[38;2;39;19;10;48;2;25;6;0m▀[38;2;18;4;2;48;2;32;14;6m▀[38;2;2;0;0;48;2;8;2;1m▀[38;2;0;0;0;48;2;1;0;0m▀[38;2;1;0;0;48;2;5;0;0m▀[38;2;14;2;0;48;2;15;1;0m▀[38;2;32;10;4;48;2;20;1;0m▀[38;2;55;32;11;48;2;33;12;0m▀[38;2;62;37;11;48;2;54;32;7m▀[38;2;52;25;7;48;2;78;52;25m▀[38;2;41;15;2;48;2;60;34;17m▀[38;2;48;23;9;48;2;57;30;13m▀[38;2;51;25;9;48;2;35;9;2m▀[38;2;52;25;6;48;2;52;26;10m▀[38;2;88;66;38;48;2;72;46;19m▀[38;2;172;157;130;48;2;106;83;55m▀[38;2;207;201;180;48;2;195;183;160m▀[38;2;202;203;186;48;2;205;203;185m▀[38;2;205;202;183;48;2;205;202;183m▀[38;2;207;203;183;48;2;207;204;183m▀[38;2;207;204;184;48;2;207;204;184m▀[38;2;207;204;184;48;2;207;204;184m▀[38;2;209;206;186;48;2;209;206;186m▀[38;2;209;206;186;48;2;209;206;186m▀[38;2;209;206;186;48;2;209;206;186m▀[38;2;211;208;188;48;2;211;208;188m▀[0m[38;2;234;196;98m║[0m
[38;2;231;191;92m║[0m[38;2;212;204;182;48;2;212;204;182m▀[38;2;212;204;182;48;2;212;204;182m▀[38;2;212;204;182;48;2;212;204;182m▀[38;2;212;204;182;48;2;212;204;182m▀[38;2;210;203;181;48;2;210;203;181m▀[38;2;210;203;181;48;2;210;203;181m▀[38;2;210;203;181;48;2;206;200;177m▀[38;2;206;199;177;48;2;207;200;177m▀[38;2;188;179;157;48;2;200;185;160m▀[38;2;174;159;138;48;2;118;97;72m▀[38;2;81;63;42;48;2;40;19;5m▀[38;2;38;19;2;48;2;22;7;1m▀[38;2;30;10;2;48;2;28;11;1m▀[38;2;28;7;1;48;2;38;19;5m▀[38;2;45;23;10;48;2;53;30;17m▀[38;2;43;21;8;48;2;37;10;2m▀[38;2;15;2;0;48;2;24;4;1m▀[38;2;6;0;0;48;2;15;2;1m▀[38;2;18;5;3;48;2;19;2;1m▀[38;2;42;20;12;48;2;55;28;15m▀[38;2;29;13;7;48;2;38;21;8m▀[38;2;23;6;1;48;2;21;6;1m▀[38;2;39;18;2;48;2;27;6;0m▀[38;2;42;20;2;48;2;36;15;1m▀[38;2;38;16;6;48;2;46;25;12m▀[38;2;37;16;6;48;2;31;12;5m▀[38;2;31;11;4;48;2;32;11;4m▀[38;2;31;10;3;48;2;35;15;6m▀[38;2;64;38;16;48;2;48;22;6m▀[38;2;80;50;21;48;2;80;46;19m▀[38;2;139;116;89;48;2;92;62;31m▀[38;2;205;196;175;48;2;177;160;137m▀[38;2;206;203;183;48;2;209;205;185m▀[38;2;207;204;184;48;2;206;204;184m▀[38;2;207;204;184;48;2;207;204;184m▀[38;2;207;204;184;48;2;207;204;184m▀[38;2;208;205;185;48;2;208;205;185m▀[38;2;210;207;187;48;2;210;207;187m▀[38;2;210;207;187;48;2;210;207;187m▀[38;2;211;208;188;48;2;211;208;188m▀[0m[38;2;231;191;92m║[0m
[38;2;228;188;87m║[0m[38;2;213;205;183;48;2;213;205;183m▀[38;2;213;205;183;48;2;213;205;183m▀[38;2;213;205;183;48;2;213;205;183m▀[38;2;211;203;181;48;2;211;203;181m▀[38;2;210;203;181;48;2;210;204;182m▀[38;2;208;205;181;48;2;197;195;170m▀[38;2;202;199;173;48;2;184;179;153m▀[38;2;194;184;158;48;2;167;152;126m▀[38;2;116;96;72;48;2;71;50;23m▀[38;2;44;23;4;48;2;35;15;0m▀[38;2;27;6;1;48;2;33;12;2m▀[38;2;22;4;2;48;2;39;18;10m▀[38;2;38;17;4;48;2;40;17;6m▀[38;2;40;21;6;48;2;48;28;12m▀[38;2;46;26;12;48;2;36;17;6m▀[38;2;26;5;1;48;2;32;6;0m▀[38;2;47;19;12;48;2;92;50;33m▀[38;2;69;39;29;48;2;117;70;51m▀[38;2;42;14;5;48;2;81;36;18m▀[38;2;55;25;11;48;2;93;56;35m▀[38;2;37;13;5;48;2;54;29;12m▀[38;2;17;0;1;48;2;24;5;0m▀[38;2;29;13;8;48;2;27;8;7m▀[38;2;29;12;1;48;2;16;0;0m▀[38;2;35;16;2;48;2;26;10;2m▀[38;2;37;17;2;48;2;34;15;4m▀[38;2;37;12;0;48;2;43;22;7m▀[38;2;54;26;8;48;2;57;34;14m▀[38;2;66;35;12;48;2;62;35;11m▀[38;2;59;29;6;48;2;46;20;5m▀[38;2;64;37;10;48;2;29;6;0m▀[38;2;125;106;75;48;2;72;53;37m▀[38;2;204;197;172;48;2;189;181;156m▀[38;2;208;204;182;48;2;210;206;182m▀[38;2;206;204;182;48;2;206;204;182m▀[38;2;206;205;186;48;2;206;206;186m▀[38;2;208;205;186;48;2;208;205;186m▀[38;2;210;207;187;48;2;210;207;187m▀[38;2;210;207;187;48;2;210;207;187m▀[38;2;210;207;187;48;2;210;207;187m▀[0m[38;2;228;188;87m║[0m
[38;2;224;184;82m║[0m[38;2;213;205;183;48;2;213;205;183m▀[38;2;213;205;183;48;2;213;205;183m▀[38;2;212;204;182;48;2;212;204;182m▀[38;2;212;204;182;48;2;212;204;182m▀[38;2;210;205;182;48;2;208;204;182m▀[38;2;197;195;170;48;2;206;203;178m▀[38;2;156;146;122;48;2;155;140;117m▀[38;2;112;90;66;48;2;72;43;22m▀[38;2;53;32;3;48;2;57;34;10m▀[38;2;40;20;0;48;2;40;20;4m▀[38;2;37;16;2;48;2;24;5;0m▀[38;2;29;10;3;48;2;15;0;0m▀[38;2;34;11;4;48;2;35;12;6m▀[38;2;36;18;8;48;2;32;14;7m▀[38;2;20;0;0;48;2;30;6;1m▀[38;2;62;25;14;48;2;122;78;62m▀[38;2;169;113;85;48;2;215;155;124m▀[38;2;179;118;92;48;2;240;173;147m▀[38;2;115;59;38;48;2;206;148;127m▀[38;2;104;62;38;48;2;78;39;24m▀[38;2;74;42;15;48;2;42;9;1m▀[38;2;63;28;8;48;2;85;43;20m▀[38;2;117;80;66;48;2;133;87;65m▀[38;2;94;59;56;48;2;118;71;59m▀[38;2;42;19;15;48;2;99;57;41m▀[38;2;51;27;16;48;2;103;64;46m▀[38;2;65;41;23;48;2;90;57;34m▀[38;2;54;33;11;48;2;63;35;13m▀[38;2;33;15;3;48;2;12;3;0m▀[38;2;23;6;3;48;2;11;0;0m▀[38;2;17;1;0;48;2;23;8;0m▀[38;2;45;26;17;48;2;49;32;11m▀[38;2;179;170;147;48;2;158;150;125m▀[38;2;209;205;181;48;2;209;205;181m▀[38;2;206;204;182;48;2;206;204;182m▀[38;2;206;206;186;48;2;206;206;186m▀[38;2;208;205;185;48;2;208;205;185m▀[38;2;210;207;187;48;2;210;207;187m▀[38;2;212;208;188;48;2;212;208;188m▀[38;2;212;208;188;48;2;212;208;188m▀[0m[38;2;224;184;82m║[0m
[38;2;221;180;77m║[0m[38;2;214;206;184;48;2;214;206;184m▀[38;2;212;204;182;48;2;212;204;182m▀[38;2;213;205;183;48;2;211;203;181m▀[38;2;213;205;184;48;2;211;203;182m▀[38;2;209;204;186;48;2;209;202;185m▀[38;2;210;207;184;48;2;206;203;180m▀[38;2;164;149;124;48;2;168;157;130m▀[38;2;97;69;43;48;2;122;99;73m▀[38;2;48;28;10;48;2;60;41;18m▀[38;2;32;12;3;48;2;35;15;4m▀[38;2;13;1;1;48;2;9;0;0m▀[38;2;10;1;0;48;2;3;1;0m▀[38;2;40;16;5;48;2;38;17;5m▀[38;2;41;19;7;48;2;40;14;0m▀[38;2;39;13;4;48;2;54;25;13m▀[38;2;92;55;37;48;2;94;64;48m▀[38;2;123;75;54;48;2;86;57;48m▀[38;2;159;108;87;48;2;92;55;43m▀[38;2;194;145;124;48;2;134;87;67m▀[38;2;141;98;76;48;2;191;137;112m▀[38;2;85;46;33;48;2;188;132;106m▀[38;2;101;60;40;48;2;145;96;74m▀[38;2;96;57;37;48;2;129;91;75m▀[38;2;98;61;43;48;2;86;57;46m▀[38;2;113;77;57;48;2;61;35;26m▀[38;2;139;95;73;48;2;120;78;59m▀[38;2;143;98;76;48;2;148;98;74m▀[38;2;96;60;42;48;2;136;91;69m▀[38;2;19;8;5;48;2;38;19;14m▀[38;2;2;0;0;48;2;0;0;0m▀[38;2;18;3;0;48;2;13;0;0m▀[38;2;17;6;0;48;2;7;0;0m▀[38;2;81;69;50;48;2;62;49;34m▀[38;2;204;196;174;48;2;196;187;166m▀[38;2;209;205;182;48;2;210;206;183m▀[38;2;206;206;183;48;2;207;206;182m▀[38;2;209;206;186;48;2;209;206;186m▀[38;2;209;206;186;48;2;209;206;186m▀[38;2;210;207;187;48;2;210;207;187m▀[38;2;213;208;188;48;2;213;208;188m▀[0m[38;2;221;180;77m║[0m
[38;2;217;177;72m║[0m[38;2;213;205;183;48;2;211;204;182m▀[38;2;211;203;181;48;2;209;202;180m▀[38;2;209;202;180;48;2;207;200;178m▀[38;2;208;201;179;48;2;206;198;176m▀[38;2;208;201;179;48;2;205;198;173m▀[38;2;204;202;177;48;2;201;199;172m▀[38;2;185;180;154;48;2;193;191;166m▀[38;2;155;138;115;48;2;177;166;144m▀[38;2;84;65;42;48;2;127;108;85m▀[38;2;33;14;0;48;2;45;27;8m▀[38;2;15;2;0;48;2;18;4;0m▀[38;2;2;0;0;48;2;0;0;0m▀[38;2;32;14;7;48;2;30;18;14m▀[38;2;82;52;34;48;2;119;85;66m▀[38;2;89;57;38;48;2;106;69;50m▀[38;2;77;51;41;48;2;92;68;60m▀[38;2;70;48;44;48;2;97;65;52m▀[38;2;130;96;86;48;2;152;106;90m▀[38;2;121;70;53;48;2;137;79;62m▀[38;2;172;109;85;48;2;165;97;76m▀[38;2;221;151;120;48;2;241;168;132m▀[38;2;175;113;87;48;2;216;144;110m▀[38;2;158;108;90;48;2;215;149;116m▀[38;2;136;97;84;48;2;212;149;118m▀[38;2;116;82;69;48;2;214;152;122m▀[38;2;151;102;79;48;2;219;151;114m▀[38;2;173;117;85;48;2;219;155;115m▀[38;2;169;118;87;48;2;198;144;107m▀[38;2;79;47;33;48;2;119;79;53m▀[38;2;5;0;0;48;2;13;3;0m▀[38;2;15;0;0;48;2;9;0;0m▀[38;2;30;14;6;48;2;81;61;47m▀[38;2;151;142;121;48;2;203;195;173m▀[38;2;212;204;182;48;2;210;203;180m▀[38;2;209;204;181;48;2;210;204;181m▀[38;2;209;205;183;48;2;211;205;183m▀[38;2;208;205;185;48;2;209;205;185m▀[38;2;210;207;187;48;2;210;207;187m▀[38;2;212;208;188;48;2;212;208;188m▀[38;2;212;208;188;48;2;212;208;188m▀[0m[38;2;217;177;72m║[0m
[38;2;214;173;66m║[0m[38;2;208;201;178;48;2;206;199;175m▀[38;2;207;200;175;48;2;205;199;172m▀[38;2;205;198;171;48;2;203;198;168m▀[38;2;203;197;169;48;2;203;197;166m▀[38;2;203;197;169;48;2;203;197;167m▀[38;2;201;196;167;48;2;201;195;166m▀[38;2;196;191;164;48;2;201;195;166m▀[38;2;193;186;160;48;2;200;194;165m▀[38;2;165;158;128;48;2;203;198;168m▀[38;2;160;149;120;48;2;206;201;169m▀[38;2;97;82;64;48;2;188;177;152m▀[38;2;16;7;3;48;2;39;25;18m▀[38;2;31;19;18;48;2;34;19;14m▀[38;2;125;94;77;48;2;137;103;79m▀[38;2;133;90;65;48;2;173;117;87m▀[38;2;151;106;85;48;2;213;144;117m▀[38;2;180;126;104;48;2;229;161;133m▀[38;2;183;125;102;48;2;224;156;129m▀[38;2;160;98;77;48;2;164;97;72m▀[38;2;171;105;83;48;2;190;121;97m▀[38;2;248;176;144;48;2;254;186;159m▀[38;2;230;154;117;48;2;244;170;137m▀[38;2;240;168;127;48;2;227;155;117m▀[38;2;255;190;151;48;2;254;192;154m▀[38;2;253;187;151;48;2;255;197;162m▀[38;2;255;183;148;48;2;255;187;154m▀[38;2;249;179;143;48;2;247;176;142m▀[38;2;229;170;133;48;2;223;163;126m▀[38;2;153;110;79;48;2;180;132;97m▀[38;2;86;49;30;48;2;149;95;68m▀[38;2;111;68;51;48;2;176;118;87m▀[38;2;150;120;97;48;2;196;161;133m▀[38;2;210;204;181;48;2;208;203;180m▀[38;2;207;203;180;48;2;206;203;180m▀[38;2;208;205;182;48;2;208;205;182m▀[38;2;209;205;182;48;2;208;205;182m▀[38;2;208;206;186;48;2;208;207;186m▀[38;2;210;208;188;48;2;210;209;188m▀[38;2;212;209;189;48;2;212;210;189m▀[38;2;212;209;189;48;2;212;210;189m▀[0m[38;2;214;173;66m║[0m
[38;2;210;170;61m║[0m[38;2;205;198;174;48;2;205;198;174m▀[38;2;203;197;170;48;2;203;197;170m▀[38;2;202;196;167;48;2;201;195;166m▀[38;2;201;195;164;48;2;200;194;164m▀[38;2;202;196;166;48;2;201;194;165m▀[38;2;200;194;165;48;2;199;192;164m▀[38;2;200;193;165;48;2;200;193;165m▀[38;2;200;192;165;48;2;201;192;165m▀[38;2;201;193;166;48;2;203;191;167m▀[38;2;198;197;162;48;2;194;198;161m▀[38;2;194;190;157;48;2;195;195;158m▀[38;2;85;66;49;48;2;163;140;117m▀[38;2;63;36;19;48;2;99;57;42m▀[38;2;146;106;78;48;2;140;95;73m▀[38;2;187;124;94;48;2;172;118;92m▀[38;2;226;147;121;48;2;211;143;119m▀[38;2;245;170;138;48;2;239;167;139m▀[38;2;228;156;127;48;2;229;161;136m▀[38;2;163;95;70;48;2;165;104;86m▀[38;2;183;116;95;48;2;130;73;59m▀[38;2;244;177;156;48;2;166;107;91m▀[38;2;215;147;122;48;2;160;102;82m▀[38;2;194;125;93;48;2;189;129;100m▀[38;2;253;191;154;48;2;255;195;156m▀[38;2;255;193;157;48;2;255;193;155m▀[38;2;254;185;151;48;2;250;183;148m▀[38;2;242;175;140;48;2;234;171;134m▀[38;2;220;163;124;48;2;214;159;120m▀[38;2;190;138;98;48;2;189;141;104m▀[38;2;171;118;84;48;2;181;137;102m▀[38;2;175;123;89;48;2;188;150;117m▀[38;2;197;170;143;48;2;206;192;172m▀[38;2;207;203;181;48;2;205;202;181m▀[38;2;206;203;180;48;2;206;203;180m▀[38;2;207;204;181;48;2;206;203;180m▀[38;2;208;206;183;48;2;208;205;182m▀[38;2;209;207;186;48;2;208;207;186m▀[38;2;210;209;188;48;2;210;209;188m▀[38;2;211;210;189;48;2;212;211;189m▀[38;2;213;211;190;48;2;214;213;191m▀[0m[38;2;210;170;61m║[0m
[38;2;207;166;56m║[0m[38;2;206;199;173;48;2;206;200;173m▀[38;2;204;198;171;48;2;204;198;171m▀[38;2;201;195;168;48;2;202;196;169m▀[38;2;200;193;165;48;2;200;193;167m▀[38;2;199;192;164;48;2;199;192;164m▀[38;2;199;192;164;48;2;199;192;164m▀[38;2;199;192;164;48;2;199;192;164m▀[38;2;200;192;164;48;2;199;192;164m▀[38;2;202;191;165;48;2;200;192;164m▀[38;2;199;194;164;48;2;202;193;166m▀[38;2;202;197;166;48;2;203;194;167m▀[38;2;182;165;140;48;2;197;186;159m▀[38;2;115;74;57;48;2;141;111;88m▀[38;2;133;93;73;48;2;127;96;75m▀[38;2;154;111;88;48;2;146;110;87m▀[38;2;185;130;106;48;2;170;121;96m▀[38;2;222;158;129;48;2;203;144;115m▀[38;2;218;155;130;48;2;198;139;113m▀[38;2;179;121;102;48;2;181;123;103m▀[38;2;164;111;95;48;2;188;131;115m▀[38;2;180;129;110;48;2;198;138;123m▀[38;2;202;143;121;48;2;226;156;142m▀[38;2;242;180;149;48;2;233;161;142m▀[38;2;247;187;148;48;2;204;140;114m▀[38;2;238;179;140;48;2;195;137;102m▀[38;2;242;178;138;48;2;223;160;121m▀[38;2;230;168;131;48;2;226;166;128m▀[38;2;208;155;122;48;2;202;152;119m▀[38;2;180;139;103;48;2;179;145;110m▀[38;2;168;141;111;48;2;191;175;148m▀[38;2;206;190;166;48;2;205;199;177m▀[38;2;209;200;180;48;2;207;199;177m▀[38;2;205;201;179;48;2;204;201;177m▀[38;2;205;202;179;48;2;204;201;178m▀[38;2;205;202;179;48;2;205;202;179m▀[38;2;206;204;180;48;2;206;204;180m▀[38;2;207;206;183;48;2;207;206;182m▀[38;2;209;208;188;48;2;209;208;188m▀[38;2;212;210;192;48;2;212;209;193m▀[38;2;214;211;195;48;2;214;211;196m▀[0m[38;2;207;166;56m║[0m
[38;2;203;162;51m║[0m[38;2;205;199;172;48;2;205;199;172m▀[38;2;205;199;172;48;2;205;199;172m▀[38;2;203;197;170;48;2;203;197;170m▀[38;2;201;195;168;48;2;201;195;168m▀[38;2;200;193;165;48;2;201;194;166m▀[38;2;199;192;164;48;2;199;192;164m▀[38;2;199;192;164;48;2;199;192;164m▀[38;2;199;192;164;48;2;199;192;164m▀[38;2;200;191;164;48;2;200;191;164m▀[38;2;201;192;165;48;2;200;191;164m▀[38;2;201;192;165;48;2;200;191;164m▀[38;2;205;194;167;48;2;200;191;164m▀[38;2;186;169;144;48;2;199;196;166m▀[38;2;99;81;61;48;2;96;90;74m▀[38;2;120;92;73;48;2;84;64;49m▀[38;2;161;118;92;48;2;151;113;86m▀[38;2;182;131;102;48;2;170;126;95m▀[38;2;174;123;98;48;2;185;141;116m▀[38;2;153;97;79;48;2;143;89;74m▀[38;2;154;89;79;48;2;131;59;55m▀[38;2;168;85;82;48;2;175;89;89m▀[38;2;188;97;95;48;2;208;117;114m▀[38;2;191;101;95;48;2;209;124;111m▀[38;2;173;94;82;48;2;215;143;120m▀[38;2;203;141;113;48;2;232;170;140m▀[38;2;224;163;127;48;2;227;166;130m▀[38;2;215;160;122;48;2;200;149;114m▀[38;2;185;144;109;48;2;170;135;105m▀[38;2;178;153;122;48;2;189;173;146m▀[38;2;205;196;171;48;2;204;202;179m▀[38;2;202;200;177;48;2;199;201;178m▀[38;2;206;200;176;48;2;205;201;175m▀[38;2;204;200;177;48;2;204;200;177m▀[38;2;205;202;179;48;2;205;202;179m▀[38;2;205;202;179;48;2;205;202;179m▀[38;2;206;204;181;48;2;206;204;181m▀[38;2;207;206;182;48;2;207;206;182m▀[38;2;209;207;187;48;2;209;207;187m▀[38;2;211;208;192;48;2;211;208;192m▀[38;2;214;212;197;48;2;214;212;197m▀[0m[38;2;203;162;51m║[0m
[38;2;199;158;47m║[0m[38;2;205;199;172;48;2;203;197;170m▀[38;2;205;199;172;48;2;203;197;170m▀[38;2;203;197;170;48;2;203;197;170m▀[38;2;201;195;168;48;2;201;195;168m▀[38;2;201;195;166;48;2;201;195;165m▀[38;2;200;194;164;48;2;201;195;165m▀[38;2;200;193;163;48;2;199;192;163m▀[38;2;199;193;162;48;2;200;193;164m▀[38;2;200;193;164;48;2;193;186;160m▀[38;2;200;193;164;48;2;137;130;105m▀[38;2;199;192;164;48;2;177;170;145m▀[38;2;197;190;162;48;2;194;188;163m▀[38;2;198;194;164;48;2;148;142;122m▀[38;2;188;183;160;48;2;122;114;98m▀[38;2;126;109;88;48;2;109;91;73m▀[38;2;127;96;67;48;2;111;80;54m▀[38;2;155;117;88;48;2;134;100;72m▀[38;2;179;137;111;48;2;155;116;89m▀[38;2;174;124;103;48;2;168;123;98m▀[38;2;173;114;99;48;2;174;123;101m▀[38;2;177;118;107;48;2;197;144;124m▀[38;2;179;117;101;48;2;222;166;143m▀[38;2;201;137;113;48;2;245;182;155m▀[38;2;225;161;130;48;2;249;183;152m▀[38;2;232;166;130;48;2;231;173;137m▀[38;2;225;166;130;48;2;199;151;116m▀[38;2;186;140;107;48;2;159;122;89m▀[38;2;164;131;103;48;2;157;128;99m▀[38;2;200;189;165;48;2;202;193;169m▀[38;2;204;200;176;48;2;205;198;174m▀[38;2;204;200;177;48;2;205;198;174m▀[38;2;206;200;175;48;2;205;198;174m▀[38;2;203;200;177;48;2;203;199;175m▀[38;2;204;201;178;48;2;203;200;177m▀[38;2;204;201;178;48;2;203;200;177m▀[38;2;205;203;180;48;2;204;202;178m▀[38;2;206;205;181;48;2;205;204;180m▀[38;2;208;207;186;48;2;207;206;184m▀[38;2;211;209;191;48;2;211;209;191m▀[38;2;214;212;196;48;2;214;212;196m▀[0m[38;2;199;158;47m║[0m
[38;2;193;152;45m║[0m[38;2;202;196;169;48;2;200;194;167m▀[38;2;202;196;169;48;2;200;194;167m▀[38;2;202;196;169;48;2;201;195;168m▀[38;2;201;195;167;48;2;200;193;166m▀[38;2;200;194;163;48;2;200;193;161m▀[38;2;200;193;164;48;2;198;191;164m▀[38;2;199;192;166;48;2;199;191;170m▀[38;2;200;192;170;48;2;159;151;136m▀[38;2;154;149;132;48;2;124;120;110m▀[38;2;115;110;94;48;2;126;123;114m▀[38;2;136;131;115;48;2;134;131;121m▀[38;2;136;132;116;48;2;110;106;98m▀[38;2;98;94;87;48;2;115;115;110m▀[38;2;41;34;28;48;2;44;39;34m▀[38;2;89;68;55;48;2;93;71;53m▀[38;2;127;92;68;48;2;153;114;82m▀[38;2;111;78;51;48;2;136;99;75m▀[38;2;133;99;73;48;2;119;84;62m▀[38;2;154;114;90;48;2;123;89;67m▀[38;2;167;121;99;48;2;131;98;75m▀[38;2;196;143;120;48;2;141;103;81m▀[38;2;224;169;145;48;2;152;115;92m▀[38;2;221;164;138;48;2;147;110;89m▀[38;2;205;149;120;48;2;132;96;76m▀[38;2;169;129;97;48;2;130;97;73m▀[38;2;145;112;80;48;2;148;117;92m▀[38;2;143;114;83;48;2;157;126;99m▀[38;2;160;136;106;48;2;155;125;98m▀[38;2;204;194;170;48;2;169;159;135m▀[38;2;204;197;174;48;2;205;199;175m▀[38;2;204;197;173;48;2;204;197;173m▀[38;2;204;197;173;48;2;204;197;173m▀[38;2;201;198;174;48;2;201;198;174m▀[38;2;202;199;175;48;2;201;198;174m▀[38;2;202;199;175;48;2;202;199;175m▀[38;2;204;201;178;48;2;204;201;178m▀[38;2;204;203;179;48;2;204;203;179m▀[38;2;206;205;183;48;2;206;204;182m▀[38;2;209;208;190;48;2;208;206;188m▀[38;2;213;210;194;48;2;211;208;192m▀[0m[38;2;193;152;45m║[0m
[38;2;187;147;42m║[0m[38;2;200;193;167;48;2;199;192;166m▀[38;2;200;193;167;48;2;199;192;166m▀[38;2;200;193;167;48;2;199;192;166m▀[38;2;200;193;166;48;2;199;192;165m▀[38;2;199;193;162;48;2;200;195;167m▀[38;2;199;194;168;48;2;164;162;139m▀[38;2;156;152;136;48;2;114;111;97m▀[38;2;120;116;108;48;2;115;114;107m▀[38;2;128;126;118;48;2;123;123;112m▀[38;2;134;134;125;48;2;135;135;124m▀[38;2;137;135;127;48;2;137;137;126m▀[38;2;144;143;134;48;2;163;163;152m▀[38;2;127;125;115;48;2;152;151;142m▀[38;2;85;78;66;48;2;128;124;115m▀[38;2;95;71;46;48;2;99;83;65m▀[38;2;160;119;82;48;2;146;113;83m▀[38;2;170;128;103;48;2;181;140;109m▀[38;2;156;119;96;48;2;188;148;120m▀[38;2;130;98;77;48;2;170;133;108m▀[38;2;122;92;72;48;2;157;120;98m▀[38;2;123;94;73;48;2;161;130;110m▀[38;2;127;96;74;48;2;174;142;121m▀[38;2;136;105;82;48;2;186;151;128m▀[38;2;151;119;96;48;2;193;158;131m▀[38;2;165;136;108;48;2;186;157;127m▀[38;2;165;133;104;48;2;163;134;102m▀[38;2;165;128;100;48;2;164;128;97m▀[38;2;145;116;97;48;2;119;96;82m▀[38;2;108;101;83;48;2;115;110;96m▀[38;2;169;164;144;48;2;142;139;122m▀[38;2;203;198;176;48;2;194;191;170m▀[38;2;201;197;173;48;2;200;197;173m▀[38;2;202;196;173;48;2;202;196;173m▀[38;2;203;197;174;48;2;204;197;174m▀[38;2;204;198;174;48;2;205;197;174m▀[38;2;205;200;177;48;2;205;199;177m▀[38;2;204;202;180;48;2;204;201;181m▀[38;2;206;204;183;48;2;206;203;183m▀[38;2;207;204;185;48;2;207;204;184m▀[38;2;209;206;187;48;2;208;205;185m▀[0m[38;2;187;147;42m║[0m
[38;2;181;141;40m║[0m[38;2;199;192;166;48;2;198;191;165m▀[38;2;199;192;166;48;2;198;191;165m▀[38;2;198;191;165;48;2;199;192;166m▀[38;2;199;193;167;48;2;197;190;164m▀[38;2;183;178;153;48;2;162;156;134m▀[38;2;121;118;96;48;2;153;150;131m▀[38;2;125;123;107;48;2;169;167;149m▀[38;2;129;129;115;48;2;173;174;157m▀[38;2;130;130;116;48;2;168;169;152m▀[38;2;145;146;131;48;2;185;185;168m▀[38;2;169;169;154;48;2;195;196;179m▀[38;2;187;188;174;48;2;194;195;177m▀[38;2;169;171;163;48;2;201;204;187m▀[38;2;155;159;153;48;2;176;185;174m▀[38;2;150;149;140;48;2;160;169;160m▀[38;2;140;125;108;48;2;163;165;151m▀[38;2;161;132;106;48;2;164;157;141m▀[38;2;188;156;129;48;2;166;152;135m▀[38;2;192;156;130;48;2;175;152;136m▀[38;2;180;141;117;48;2;178;148;132m▀[38;2;175;144;126;48;2;174;141;127m▀[38;2;185;153;135;48;2;181;147;132m▀[38;2;197;162;141;48;2;190;154;136m▀[38;2;203;167;143;48;2;195;158;138m▀[38;2;183;152;125;48;2;167;134;111m▀[38;2;155;127;98;48;2;148;119;92m▀[38;2;160;130;100;48;2;144;117;88m▀[38;2;71;55;43;48;2;34;25;16m▀[38;2;116;112;99;48;2;98;94;83m▀[38;2;156;153;135;48;2;190;187;169m▀[38;2;192;188;167;48;2;184;180;159m▀[38;2;201;198;174;48;2;197;193;170m▀[38;2;202;196;173;48;2;203;196;173m▀[38;2;203;196;173;48;2;203;196;173m▀[38;2;204;196;173;48;2;203;196;173m▀[38;2;204;198;176;48;2;204;198;175m▀[38;2;204;201;181;48;2;204;200;180m▀[38;2;205;203;183;48;2;205;202;182m▀[38;2;207;204;184;48;2;206;203;183m▀[38;2;208;205;185;48;2;208;205;185m▀[0m[38;2;181;141;40m║[0m
[38;2;174;135;38m║[0m[38;2;196;189;159;48;2;196;189;159m▀[38;2;197;190;165;48;2;185;180;155m▀[38;2;186;179;159;48;2;115;112;94m▀[38;2;152;147;130;48;2;114;112;99m▀[38;2;146;143;128;48;2;142;143;126m▀[38;2;164;163;148;48;2;156;156;141m▀[38;2;179;178;163;48;2;145;145;132m▀[38;2;194;194;178;48;2;150;150;141m▀[38;2;197;198;181;48;2;169;171;162m▀[38;2;194;196;178;48;2;186;189;177m▀[38;2;196;199;179;48;2;194;198;181m▀[38;2;206;208;188;48;2;203;207;188m▀[38;2;205;207;187;48;2;205;209;187m▀[38;2;208;213;197;48;2;205;208;188m▀[38;2;194;200;188;48;2;207;209;192m▀[38;2;170;173;163;48;2;194;196;183m▀[38;2;167;171;163;48;2;170;174;167m▀[38;2;167;168;160;48;2;166;170;164m▀[38;2;165;161;153;48;2;162;166;160m▀[38;2;169;161;152;48;2;169;173;167m▀[38;2;168;153;143;48;2;169;173;168m▀[38;2;165;147;135;48;2;167;168;161m▀[38;2;161;140;126;48;2;166;165;155m▀[38;2;151;128;112;48;2;179;176;164m▀[38;2;123;104;84;48;2;137;136;122m▀[38;2;109;92;73;48;2;15;12;8m▀[38;2;138;123;100;48;2;145;142;130m▀[38;2;155;148;126;48;2;199;198;175m▀[38;2;187;186;165;48;2;184;185;161m▀[38;2;183;183;161;48;2;182;184;161m▀[38;2;181;180;156;48;2;181;183;160m▀[38;2;187;186;161;48;2;181;182;159m▀[38;2;200;195;171;48;2;183;179;156m▀[38;2;203;197;173;48;2;197;193;170m▀[38;2;203;197;174;48;2;202;198;174m▀[38;2;204;198;175;48;2;202;198;175m▀[38;2;203;200;180;48;2;202;199;179m▀[38;2;204;201;181;48;2;202;199;179m▀[38;2;205;202;182;48;2;203;200;180m▀[38;2;206;203;183;48;2;204;201;181m▀[0m[38;2;174;135;38m║[0m
[38;2;168;129;35m║[0m[38;2;195;190;165;48;2;182;178;156m▀[38;2;159;155;131;48;2;186;185;162m▀[38;2;146;146;125;48;2;193;195;173m▀[38;2;187;189;171;48;2;194;198;175m▀[38;2;202;204;179;48;2;198;200;176m▀[38;2;203;204;184;48;2;201;202;181m▀[38;2;192;192;178;48;2;203;204;186m▀[38;2;169;169;161;48;2;205;207;191m▀[38;2;133;136;133;48;2;194;201;186m▀[38;2;131;135;130;48;2;175;182;170m▀[38;2;147;151;144;48;2;131;137;130m▀[38;2;172;177;166;48;2;118;124;120m▀[38;2;185;190;175;48;2;119;126;124m▀[38;2;198;204;187;48;2;137;144;141m▀[38;2;206;212;195;48;2;160;168;159m▀[38;2;201;207;190;48;2;183;191;179m▀[38;2;173;177;169;48;2;188;192;184m▀[38;2;168;172;165;48;2;186;189;183m▀[38;2;176;179;173;48;2;176;179;172m▀[38;2;172;176;170;48;2;176;179;173m▀[38;2;163;172;168;48;2;167;174;166m▀[38;2;162;170;165;48;2;167;173;163m▀[38;2;162;168;161;48;2;186;189;176m▀[38;2;174;177;169;48;2;207;207;194m▀[38;2;154;158;150;48;2;197;198;186m▀[38;2;19;21;19;48;2;33;33;29m▀[38;2;154;158;150;48;2;130;132;122m▀[38;2;181;185;168;48;2;180;182;163m▀[38;2;173;174;156;48;2;176;177;159m▀[38;2;179;180;161;48;2;173;174;157m▀[38;2;180;181;162;48;2;145;146;129m▀[38;2;158;158;139;48;2;145;146;129m▀[38;2;177;175;156;48;2;179;179;161m▀[38;2;186;184;165;48;2;181;180;163m▀[38;2;192;189;170;48;2;185;185;168m▀[38;2;196;194;174;48;2;185;185;167m▀[38;2;201;198;178;48;2;194;191;171m▀[38;2;202;199;179;48;2;202;199;179m▀[38;2;203;200;180;48;2;203;200;180m▀[38;2;203;200;180;48;2;203;200;180m▀[0m[38;2;168;129;35m║[0m
[38;2;162;124;33m║[0m[38;2;187;187;167;48;2;193;194;176m▀[38;2;198;199;179;48;2;202;203;185m▀[38;2;197;199;179;48;2;201;202;183m▀[38;2;189;192;170;48;2;200;202;183m▀[38;2;200;201;182;48;2;196;197;178m▀[38;2;199;200;180;48;2;196;197;179m▀[38;2;199;200;180;48;2;199;200;181m▀[38;2;199;201;181;48;2;199;200;181m▀[38;2;204;210;189;48;2;200;202;185m▀[38;2;206;211;193;48;2;202;204;187m▀[38;2;202;207;193;48;2;203;205;187m▀[38;2;173;177;167;48;2;209;212;195m▀[38;2;132;137;138;48;2;193;197;185m▀[38;2;112;118;120;48;2;165;168;160m▀[38;2;113;119;121;48;2;146;149;145m▀[38;2;136;142;141;48;2;144;148;145m▀[38;2;136;143;139;48;2;143;152;147m▀[38;2;144;151;145;48;2;129;139;132m▀[38;2;157;164;158;48;2;125;134;127m▀[38;2;162;170;162;48;2;125;134;127m▀[38;2;170;174;162;48;2;135;139;132m▀[38;2;183;186;172;48;2;132;136;129m▀[38;2;211;213;198;48;2;139;143;136m▀[38;2;206;207;192;48;2;148;152;146m▀[38;2;172;173;163;48;2;94;97;93m▀[38;2;27;27;23;48;2;53;56;51m▀[38;2;119;120;110;48;2;103;107;99m▀[38;2;179;181;166;48;2;129;133;123m▀[38;2;166;169;158;48;2;117;122;114m▀[38;2;132;133;121;48;2;121;124;114m▀[38;2;118;118;105;48;2;153;154;140m▀[38;2;167;167;152;48;2;177;176;161m▀[38;2;186;187;168;48;2;189;190;171m▀[38;2;181;182;163;48;2;189;190;171m▀[38;2;184;185;166;48;2;183;184;165m▀[38;2;188;189;170;48;2;179;180;161m▀[38;2;187;187;166;48;2;184;185;165m▀[38;2;189;188;167;48;2;176;178;156m▀[38;2;199;199;178;48;2;178;180;159m▀[38;2;202;202;181;48;2;199;201;180m▀[0m[38;2;162;124;33m║[0m
[38;2;156;118;30m║[0m[38;2;195;196;177;48;2;204;205;186m▀[38;2;200;201;182;48;2;206;207;188m▀[38;2;205;206;187;48;2;203;204;185m▀[38;2;202;203;184;48;2;204;205;186m▀[38;2;200;201;182;48;2;201;202;183m▀[38;2;201;202;183;48;2;199;200;181m▀[38;2;199;200;181;48;2;196;197;178m▀[38;2;201;202;183;48;2;204;205;186m▀[38;2;208;210;193;48;2;204;206;189m▀[38;2;203;205;188;48;2;203;205;188m▀[38;2;205;208;191;48;2;197;199;182m▀[38;2;199;201;184;48;2;197;199;181m▀[38;2;199;202;182;48;2;212;213;194m▀[38;2;214;217;198;48;2;217;218;199m▀[38;2;200;202;187;48;2;205;205;189m▀[38;2;179;182;168;48;2;202;203;189m▀[38;2;160;168;155;48;2;197;203;185m▀[38;2;167;175;165;48;2;177;184;170m▀[38;2;164;171;164;48;2;162;167;160m▀[38;2;148;154;150;48;2;169;173;171m▀[38;2;139;142;143;48;2;163;166;165m▀[38;2;143;145;147;48;2;152;154;154m▀[38;2;140;142;144;48;2;155;158;158m▀[38;2;92;94;95;48;2;52;53;53m▀[38;2;49;51;48;48;2;100;103;99m▀[38;2;96;99;93;48;2;111;115;108m▀[38;2;93;97;89;48;2;105;110;101m▀[38;2;124;129;118;48;2;133;138;127m▀[38;2;128;134;122;48;2;145;151;136m▀[38;2;151;154;140;48;2;185;189;172m▀[38;2;190;191;175;48;2;196;197;179m▀[38;2;185;185;168;48;2;197;197;178m▀[38;2;181;182;165;48;2;188;188;173m▀[38;2;183;184;167;48;2;174;174;160m▀[38;2;180;181;164;48;2;177;177;163m▀[38;2;178;179;162;48;2;177;177;162m▀[38;2;177;178;159;48;2;183;183;166m▀[38;2;178;179;160;48;2;180;181;163m▀[38;2;169;170;151;48;2;165;166;148m▀[38;2;185;186;166;48;2;167;169;150m▀[0m[38;2;156;118;30m║[0m
[38;2;150;112;28m╚════════════════════════════════════════╝[0m
