[38;2;255;226;140m╔════════════════════════════════════════╗[0m
[38;2;252;222;134m║[0m[38;2;207;212;226;48;2;207;212;226m▀[38;2;207;212;226;48;2;207;212;226m▀[38;2;206;211;225;48;2;206;211;225m▀[38;2;206;211;225;48;2;206;211;225m▀[38;2;206;211;225;48;2;206;211;225m▀[38;2;206;211;225;48;2;206;211;225m▀[38;2;206;211;225;48;2;206;211;225m▀[38;2;206;211;225;48;2;206;211;225m▀[38;2;206;211;225;48;2;206;211;225m▀[38;2;206;211;225;48;2;206;211;225m▀[38;2;206;211;225;48;2;206;211;225m▀[38;2;206;211;225;48;2;206;211;225m▀[38;2;207;212;226;48;2;205;210;224m▀[38;2;207;212;226;48;2;205;210;224m▀[38;2;206;211;225;48;2;206;211;225m▀[38;2;206;211;225;48;2;206;211;225m▀[38;2;208;213;227;48;2;206;211;225m▀[38;2;208;213;227;48;2;206;211;225m▀[38;2;208;213;227;48;2;206;211;225m▀[38;2;208;213;227;48;2;206;211;225m▀[38;2;208;213;227;48;2;206;211;225m▀[38;2;208;213;227;48;2;206;211;225m▀[38;2;208;213;227;48;2;206;211;225m▀[38;2;208;213;227;48;2;206;211;225m▀[38;2;208;213;226;48;2;207;212;225m▀[38;2;209;214;227;48;2;208;213;226m▀[38;2;208;213;226;48;2;208;213;226m▀[38;2;208;213;226;48;2;208;213;226m▀[38;2;209;214;228;48;2;209;214;228m▀[38;2;209;214;228;48;2;209;214;228m▀[38;2;209;214;228;48;2;209;214;228m▀[38;2;209;214;228;48;2;209;214;228m▀[38;2;208;215;229;48;2;208;215;229m▀[38;2;208;215;229;48;2;208;215;229m▀[38;2;208;215;229;48;2;208;215;229m▀[38;2;210;218;231;48;2;210;218;231m▀[38;2;210;218;236;48;2;210;218;236m▀[38;2;210;218;236;48;2;210;218;236m▀[38;2;210;218;236;48;2;210;218;236m▀[38;2;211;219;237;48;2;211;219;237m▀[0m[38;2;252;222;134m║[0m
[38;2;249;217;128m║[0m[38;2;206;211;225;48;2;206;211;225m▀[38;2;206;211;225;48;2;206;211;225m▀[38;2;206;211;225;48;2;206;211;225m▀[38;2;206;211;225;48;2;206;211;225m▀[38;2;205;210;224;48;2;205;210;224m▀[38;2;205;210;224;48;2;205;210;224m▀[38;2;205;210;224;48;2;205;210;224m▀[38;2;205;210;224;48;2;205;210;224m▀[38;2;205;210;224;48;2;205;210;224m▀[38;2;205;210;224;48;2;205;210;224m▀[38;2;205;210;224;48;2;205;210;224m▀[38;2;205;210;224;48;2;205;210;224m▀[38;2;205;210;224;48;2;203;208;222m▀[38;2;205;210;224;48;2;203;208;222m▀[38;2;205;210;224;48;2;203;208;222m▀[38;2;205;210;224;48;2;203;208;222m▀[38;2;205;210;221;48;2;205;211;219m▀[38;2;205;210;221;48;2;205;211;218m▀[38;2;206;211;222;48;2;204;210;217m▀[38;2;206;211;222;48;2;204;210;217m▀[38;2;206;211;222;48;2;204;210;217m▀[38;2;206;211;222;48;2;204;210;217m▀[38;2;206;211;222;48;2;204;210;217m▀[38;2;206;211;222;48;2;204;210;218m▀[38;2;206;211;224;48;2;205;210;222m▀[38;2;207;212;225;48;2;206;211;224m▀[38;2;208;213;226;48;2;206;211;224m▀[38;2;208;213;226;48;2;206;211;224m▀[38;2;208;213;227;48;2;207;212;225m▀[38;2;209;214;228;48;2;208;213;227m▀[38;2;209;214;228;48;2;207;212;226m▀[38;2;209;214;228;48;2;207;212;226m▀[38;2;207;214;228;48;2;207;214;228m▀[38;2;208;216;229;48;2;208;216;229m▀[38;2;208;215;229;48;2;208;215;229m▀[38;2;208;215;229;48;2;208;215;229m▀[38;2;209;217;235;48;2;209;217;234m▀[38;2;211;219;237;48;2;211;219;237m▀[38;2;210;218;236;48;2;210;218;236m▀[38;2;211;219;237;48;2;211;219;237m▀[0m[38;2;249;217;128m║[0m
[38;2;246;213;122m║[0m[38;2;206;211;225;48;2;206;211;225m▀[38;2;206;211;225;48;2;206;211;225m▀[38;2;205;210;224;48;2;205;210;224m▀[38;2;205;210;224;48;2;205;210;224m▀[38;2;204;209;223;48;2;204;209;223m▀[38;2;204;209;223;48;2;204;209;223m▀[38;2;205;210;224;48;2;203;208;222m▀[38;2;205;210;224;48;2;203;208;222m▀[38;2;205;209;225;48;2;203;208;222m▀[38;2;205;210;223;48;2;203;208;221m▀[38;2;203;208;220;48;2;203;209;216m▀[38;2;203;209;218;48;2;203;209;214m▀[38;2;203;208;220;48;2;203;208;217m▀[38;2;203;208;220;48;2;203;208;217m▀[38;2;204;209;220;48;2;202;208;216m▀[38;2;204;209;220;48;2;202;208;216m▀[38;2;205;209;220;48;2;203;207;214m▀[38;2;205;209;219;48;2;203;207;214m▀[38;2;205;209;219;48;2;203;207;214m▀[38;2;205;209;219;48;2;204;208;214m▀[38;2;205;209;219;48;2;203;207;217m▀[38;2;205;209;219;48;2;203;207;217m▀[38;2;205;209;220;48;2;205;209;219m▀[38;2;205;209;220;48;2;205;209;219m▀[38;2;204;209;220;48;2;204;209;220m▀[38;2;204;209;220;48;2;204;209;220m▀[38;2;204;209;220;48;2;204;209;220m▀[38;2;206;211;221;48;2;205;211;221m▀[38;2;207;212;221;48;2;206;212;220m▀[38;2;208;213;225;48;2;207;213;223m▀[38;2;207;212;226;48;2;207;212;225m▀[38;2;207;212;226;48;2;207;212;226m▀[38;2;208;213;227;48;2;208;213;227m▀[38;2;210;215;229;48;2;210;215;229m▀[38;2;210;215;229;48;2;210;215;229m▀[38;2;210;215;229;48;2;210;215;229m▀[38;2;208;216;229;48;2;208;216;229m▀[38;2;210;218;232;48;2;210;218;232m▀[38;2;210;218;235;48;2;210;218;235m▀[38;2;211;218;240;48;2;211;218;240m▀[0m[38;2;246;213;122m║[0m
[38;2;243;209;116m║[0m[38;2;206;211;225;48;2;204;209;223m▀[38;2;206;211;225;48;2;204;209;223m▀[38;2;205;210;224;48;2;203;208;222m▀[38;2;205;210;224;48;2;203;208;222m▀[38;2;203;208;222;48;2;203;208;222m▀[38;2;203;208;222;48;2;203;208;222m▀[38;2;203;208;222;48;2;203;208;222m▀[38;2;203;208;222;48;2;203;208;222m▀[38;2;203;208;221;48;2;201;207;215m▀[38;2;203;209;217;48;2;201;207;212m▀[38;2;203;209;213;48;2;202;208;211m▀[38;2;203;209;212;48;2;202;209;209m▀[38;2;202;208;212;48;2;201;206;209m▀[38;2;202;208;212;48;2;200;206;209m▀[38;2;202;208;212;48;2;200;206;210m▀[38;2;203;209;213;48;2;201;207;210m▀[38;2;204;208;212;48;2;202;207;209m▀[38;2;202;206;211;48;2;199;204;206m▀[38;2;198;203;207;48;2;186;190;192m▀[38;2;199;204;208;48;2;188;193;195m▀[38;2;201;206;211;48;2;197;202;204m▀[38;2;206;210;215;48;2;179;184;187m▀[38;2;208;212;217;48;2;170;174;177m▀[38;2;206;210;216;48;2;189;193;197m▀[38;2;203;209;219;48;2;207;211;220m▀[38;2;203;208;219;48;2;205;209;220m▀[38;2;203;208;219;48;2;202;206;218m▀[38;2;204;209;220;48;2;203;208;219m▀[38;2;205;211;218;48;2;204;210;217m▀[38;2;206;211;222;48;2;205;210;221m▀[38;2;206;211;224;48;2;205;210;223m▀[38;2;207;212;226;48;2;206;211;225m▀[38;2;208;213;227;48;2;206;211;225m▀[38;2;208;213;227;48;2;206;211;225m▀[38;2;209;213;228;48;2;208;213;227m▀[38;2;210;215;229;48;2;210;215;229m▀[38;2;207;215;228;48;2;207;215;228m▀[38;2;208;216;230;48;2;208;216;230m▀[38;2;210;217;234;48;2;210;217;234m▀[38;2;211;217;240;48;2;211;217;240m▀[0m[38;2;243;209;116m║[0m
[38;2;240;204;110m║[0m[38;2;203;208;222;48;2;203;208;222m▀[38;2;203;208;222;48;2;203;208;222m▀[38;2;203;208;222;48;2;203;208;222m▀[38;2;202;207;221;48;2;202;207;221m▀[38;2;203;208;222;48;2;201;207;219m▀[38;2;203;208;220;48;2;201;207;215m▀[38;2;202;208;216;48;2;200;206;211m▀[38;2;202;208;213;48;2;200;206;209m▀[38;2;201;207;210;48;2;200;206;209m▀[38;2;200;206;209;48;2;198;205;208m▀[38;2;200;206;209;48;2;198;204;207m▀[38;2;200;206;209;48;2;198;205;208m▀[38;2;202;206;211;48;2;197;206;209m▀[38;2;199;206;209;48;2;199;205;207m▀[38;2;203;207;209;48;2;167;163;164m▀[38;2;195;193;196;48;2;92;80;80m▀[38;2;161;156;156;48;2;52;42;40m▀[38;2;125;120;118;48;2;42;35;32m▀[38;2;109;102;98;48;2;34;27;28m▀[38;2;136;129;125;48;2;36;31;32m▀[38;2;119;116;115;48;2;33;27;35m▀[38;2;49;46;45;48;2;21;15;24m▀[38;2;45;42;41;48;2;22;16;24m▀[38;2;60;56;56;48;2;27;20;28m▀[38;2;108;102;102;48;2;33;25;26m▀[38;2;189;186;191;48;2;66;62;65m▀[38;2;206;209;220;48;2;178;178;185m▀[38;2;199;206;219;48;2;203;208;217m▀[38;2;202;208;213;48;2;199;205;209m▀[38;2;203;209;215;48;2;201;207;212m▀[38;2;203;208;220;48;2;202;207;217m▀[38;2;204;209;222;48;2;203;208;221m▀[38;2;206;211;225;48;2;205;210;224m▀[38;2;207;212;226;48;2;206;211;225m▀[38;2;208;213;227;48;2;207;212;226m▀[38;2;209;214;228;48;2;208;213;227m▀[38;2;207;215;228;48;2;207;215;228m▀[38;2;208;216;230;48;2;208;216;230m▀[38;2;210;217;234;48;2;210;217;234m▀[38;2;211;217;240;48;2;211;217;240m▀[0m[38;2;240;204;110m║[0m
[38;2;237;200;104m║[0m[38;2;203;208;222;48;2;204;209;223m▀[38;2;202;207;221;48;2;202;207;221m▀[38;2;202;207;221;48;2;200;205;219m▀[38;2;202;207;221;48;2;200;205;218m▀[38;2;201;207;215;48;2;200;206;211m▀[38;2;200;206;210;48;2;198;205;208m▀[38;2;200;206;209;48;2;198;205;205m▀[38;2;200;207;207;48;2;198;205;204m▀[38;2;199;205;208;48;2;196;203;206m▀[38;2;198;205;208;48;2;196;203;207m▀[38;2;197;204;207;48;2;196;203;206m▀[38;2;196;203;206;48;2;201;206;207m▀[38;2;201;206;205;48;2;142;133;126m▀[38;2;145;143;143;48;2;50;38;35m▀[38;2;60;50;52;48;2;30;20;23m▀[38;2;31;19;21;48;2;11;9;14m▀[38;2;27;18;20;48;2;5;2;10m▀[38;2;35;27;30;48;2;14;10;18m▀[38;2;25;20;26;48;2;22;16;24m▀[38;2;16;14;21;48;2;17;12;18m▀[38;2;19;15;27;48;2;17;14;22m▀[38;2;11;7;19;48;2;8;5;13m▀[38;2;9;4;17;48;2;3;0;9m▀[38;2;15;10;21;48;2;5;2;10m▀[38;2;31;25;29;48;2;26;21;24m▀[38;2;27;22;25;48;2;33;27;29m▀[38;2;70;65;69;48;2;29;20;22m▀[38;2;182;180;185;48;2;91;84;85m▀[38;2;200;206;210;48;2;178;183;186m▀[38;2;199;205;211;48;2;199;205;211m▀[38;2;201;206;217;48;2;200;205;216m▀[38;2;202;207;220;48;2;201;206;219m▀[38;2;204;209;223;48;2;203;208;222m▀[38;2;205;210;225;48;2;205;210;224m▀[38;2;207;212;226;48;2;206;211;225m▀[38;2;208;213;227;48;2;208;213;227m▀[38;2;207;214;227;48;2;207;214;227m▀[38;2;208;215;230;48;2;208;215;230m▀[38;2;209;217;234;48;2;209;217;234m▀[38;2;211;217;240;48;2;211;217;240m▀[0m[38;2;237;200;104m║[0m
[38;2;234;196;98m║[0m[38;2;202;206;223;48;2;201;206;220m▀[38;2;201;206;220;48;2;200;205;217m▀[38;2;199;204;216;48;2;199;205;212m▀[38;2;199;204;213;48;2;199;205;210m▀[38;2;199;205;208;48;2;196;203;206m▀[38;2;198;205;208;48;2;196;203;206m▀[38;2;197;204;207;48;2;196;203;206m▀[38;2;197;204;206;48;2;196;203;206m▀[38;2;196;203;206;48;2;193;202;202m▀[38;2;195;203;204;48;2;199;204;203m▀[38;2;202;205;204;48;2;165;160;158m▀[38;2;143;138;137;48;2;55;41;41m▀[38;2;50;39;32;48;2;39;27;29m▀[38;2;35;23;23;48;2;31;23;32m▀[38;2;19;16;27;48;2;20;15;32m▀[38;2;12;10;17;48;2;40;19;22m▀[38;2;22;13;14;48;2;96;49;32m▀[38;2;37;19;13;48;2;128;67;36m▀[38;2;50;28;17;48;2;155;86;46m▀[38;2;47;26;17;48;2;156;88;47m▀[38;2;39;20;19;48;2;142;76;40m▀[38;2;40;19;16;48;2;156;88;53m▀[38;2;33;19;16;48;2;149;85;56m▀[38;2;17;13;15;48;2;96;46;30m▀[38;2;21;16;20;48;2;39;23;23m▀[38;2;42;32;37;48;2;40;32;40m▀[38;2;32;22;26;48;2;37;31;40m▀[38;2;39;32;34;48;2;34;29;33m▀[38;2;95;92;86;48;2;54;46;42m▀[38;2;186;183;186;48;2;123;116;115m▀[38;2;202;204;214;48;2;196;195;201m▀[38;2;197;205;218;48;2;197;206;215m▀[38;2;203;208;217;48;2;201;207;214m▀[38;2;204;209;220;48;2;203;208;218m▀[38;2;205;210;223;48;2;203;208;222m▀[38;2;206;211;225;48;2;205;210;224m▀[38;2;207;212;224;48;2;207;212;224m▀[38;2;209;214;227;48;2;209;214;227m▀[38;2;210;214;231;48;2;210;214;230m▀[38;2;212;215;235;48;2;212;215;234m▀[0m[38;2;234;196;98m║[0m
[38;2;231;191;92m║[0m[38;2;201;205;217;48;2;201;206;214m▀[38;2;199;205;213;48;2;199;205;210m▀[38;2;197;204;209;48;2;197;204;207m▀[38;2;197;204;208;48;2;197;205;205m▀[38;2;197;204;207;48;2;197;204;206m▀[38;2;196;203;206;48;2;195;202;205m▀[38;2;196;203;206;48;2;196;203;206m▀[38;2;194;202;204;48;2;195;202;204m▀[38;2;198;204;203;48;2;202;200;198m▀[38;2;182;179;176;48;2;103;91;90m▀[38;2;72;58;56;48;2;38;20;19m▀[38;2;44;25;25;48;2;45;28;25m▀[38;2;37;25;32;48;2;31;23;25m▀[38;2;25;22;35;48;2;14;17;24m▀[38;2;25;15;28;48;2;25;14;13m▀[38;2;74;29;17;48;2;124;62;29m▀[38;2;156;81;35;48;2;212;117;55m▀[38;2;201;112;54;48;2;238;139;70m▀[38;2;223;131;64;48;2;245;154;84m▀[38;2;228;141;72;48;2;241;161;95m▀[38;2;237;153;87;48;2;243;164;102m▀[38;2;234;144;76;48;2;240;154;84m▀[38;2;219;128;68;48;2;231;145;71m▀[38;2;169;89;42;48;2;216;135;66m▀[38;2;83;39;21;48;2;153;78;39m▀[38;2;34;18;20;48;2;51;19;9m▀[38;2;34;32;42;48;2;27;23;31m▀[38;2;30;26;33;48;2;39;31;39m▀[38;2;46;37;38;48;2;30;20;25m▀[38;2;83;72;67;48;2;65;50;42m▀[38;2;171;167;164;48;2;162;155;146m▀[38;2;198;207;213;48;2;197;205;209m▀[38;2;198;204;211;48;2;196;204;210m▀[38;2;201;206;217;48;2;200;205;215m▀[38;2;202;207;221;48;2;202;207;221m▀[38;2;204;209;222;48;2;204;209;222m▀[38;2;206;211;223;48;2;206;211;223m▀[38;2;208;213;226;48;2;208;213;226m▀[38;2;209;213;229;48;2;209;213;229m▀[38;2;210;213;233;48;2;210;213;233m▀[0m[38;2;231;191;92m║[0m
[38;2;228;188;87m║[0m[38;2;202;207;217;48;2;202;207;218m▀[38;2;200;206;212;48;2;200;206;212m▀[38;2;198;205;208;48;2;198;205;208m▀[38;2;197;204;205;48;2;196;204;205m▀[38;2;197;202;206;48;2;196;203;206m▀[38;2;192;203;204;48;2;191;202;204m▀[38;2;192;202;201;48;2;195;203;202m▀[38;2;201;203;202;48;2;190;185;186m▀[38;2;155;146;140;48;2;82;71;65m▀[38;2;45;34;29;48;2;29;17;14m▀[38;2;37;24;22;48;2;35;23;23m▀[38;2;38;26;23;48;2;33;23;24m▀[38;2;27;23;26;48;2;30;20;20m▀[38;2;9;5;9;48;2;65;27;16m▀[38;2;68;35;17;48;2;167;95;51m▀[38;2;194;120;61;48;2;221;134;53m▀[38;2;233;138;70;48;2;232;139;55m▀[38;2;248;148;80;48;2;240;145;69m▀[38;2;254;163;93;48;2;248;159;87m▀[38;2;241;165;96;48;2;242;164;90m▀[38;2;243;165;99;48;2;244;164;89m▀[38;2;244;162;93;48;2;248;165;88m▀[38;2;235;152;79;48;2;241;156;77m▀[38;2;232;147;74;48;2;239;151;71m▀[38;2;211;128;68;48;2;229;141;64m▀[38;2;126;66;29;48;2;196;114;50m▀[38;2;31;14;15;48;2;88;47;24m▀[38;2;35;27;37;48;2;33;25;31m▀[38;2;24;22;21;48;2;26;26;25m▀[38;2;43;33;27;48;2;30;19;18m▀[38;2;146;139;135;48;2;109;97;97m▀[38;2;191;197;199;48;2;183;181;182m▀[38;2;193;204;205;48;2;191;197;198m▀[38;2;198;206;211;48;2;196;203;207m▀[38;2;202;207;220;48;2;201;206;216m▀[38;2;205;208;225;48;2;203;207;223m▀[38;2;206;211;225;48;2;206;211;226m▀[38;2;208;213;227;48;2;208;213;227m▀[38;2;209;214;228;48;2;209;214;228m▀[38;2;210;215;230;48;2;210;216;229m▀[0m[38;2;228;188;87m║[0m
[38;2;224;184;82m║[0m[38;2;202;207;217;48;2;202;207;217m▀[38;2;200;206;212;48;2;200;206;212m▀[38;2;200;206;209;48;2;200;206;209m▀[38;2;198;205;207;48;2;198;205;207m▀[38;2;195;203;206;48;2;195;204;206m▀[38;2;192;202;204;48;2;194;203;205m▀[38;2;201;203;204;48;2;195;192;195m▀[38;2;151;140;143;48;2;95;79;84m▀[38;2;46;34;32;48;2;32;20;19m▀[38;2;28;16;15;48;2;29;17;18m▀[38;2;33;21;23;48;2;32;20;26m▀[38;2;32;20;26;48;2;32;19;27m▀[38;2;46;23;20;48;2;64;31;28m▀[38;2;136;71;40;48;2;146;82;41m▀[38;2;201;109;48;48;2;165;90;35m▀[38;2;214;129;54;48;2;147;84;49m▀[38;2;224;140;62;48;2;138;87;60m▀[38;2;235;151;86;48;2;144;94;78m▀[38;2;251;167;106;48;2;171;112;91m▀[38;2;253;169;101;48;2;218;146;107m▀[38;2;246;168;98;48;2;249;178;130m▀[38;2;250;171;100;48;2;254;183;133m▀[38;2;246;164;91;48;2;244;170;117m▀[38;2;243;158;84;48;2;213;138;86m▀[38;2;242;153;81;48;2;164;104;76m▀[38;2;222;135;69;48;2;134;83;62m▀[38;2;157;94;53;48;2;117;69;47m▀[38;2;50;30;25;48;2;51;31;28m▀[38;2;35;31;33;48;2;37;30;35m▀[38;2;34;20;24;48;2;45;29;37m▀[38;2;61;43;44;48;2;50;27;31m▀[38;2;159;146;143;48;2;86;63;59m▀[38;2;197;195;194;48;2;155;145;144m▀[38;2;199;200;203;48;2;194;191;193m▀[38;2;200;205;212;48;2;198;203;208m▀[38;2;201;207;220;48;2;198;207;216m▀[38;2;204;209;223;48;2;203;209;223m▀[38;2;206;211;225;48;2;206;211;225m▀[38;2;209;214;228;48;2;209;214;228m▀[38;2;211;216;230;48;2;211;216;230m▀[0m[38;2;224;184;82m║[0m
[38;2;221;180;77m║[0m[38;2;200;206;216;48;2;200;206;216m▀[38;2;199;205;211;48;2;199;205;211m▀[38;2;199;205;208;48;2;198;204;208m▀[38;2;197;205;207;48;2;195;204;206m▀[38;2;194;205;211;48;2;195;204;209m▀[38;2;200;204;204;48;2;183;181;178m▀[38;2;147;138;135;48;2;83;71;66m▀[38;2;44;26;27;48;2;42;26;26m▀[38;2;34;21;26;48;2;38;25;32m▀[38;2;30;17;24;48;2;33;20;28m▀[38;2;35;23;30;48;2;38;26;34m▀[38;2;34;21;28;48;2;36;22;28m▀[38;2;68;37;25;48;2;68;32;22m▀[38;2;127;73;37;48;2;130;68;33m▀[38;2;104;47;17;48;2;155;89;48m▀[38;2;109;56;41;48;2;173;107;68m▀[38;2;106;61;49;48;2;185;115;75m▀[38;2;98;59;42;48;2;189;123;81m▀[38;2;95;53;31;48;2;174;101;59m▀[38;2;133;78;53;48;2;179;97;56m▀[38;2;222;156;121;48;2;207;134;79m▀[38;2;251;182;138;48;2;243;169;110m▀[38;2;224;154;111;48;2;195;122;73m▀[38;2;138;75;40;48;2;143;76;43m▀[38;2;83;42;27;48;2;161;97;67m▀[38;2;81;47;40;48;2;163;103;78m▀[38;2;87;47;35;48;2;163;100;69m▀[38;2;47;28;27;48;2;96;59;42m▀[38;2;35;24;25;48;2;32;18;16m▀[38;2;49;34;41;48;2;48;34;41m▀[38;2;49;31;37;48;2;46;31;38m▀[38;2;58;41;38;48;2;36;22;20m▀[38;2;111;97;90;48;2;122;107;98m▀[38;2;121;118;114;48;2;181;178;171m▀[38;2;168;173;174;48;2;138;143;144m▀[38;2;202;206;216;48;2;199;200;210m▀[38;2;203;208;222;48;2;203;208;222m▀[38;2;207;212;226;48;2;207;212;226m▀[38;2;209;214;228;48;2;209;214;228m▀[38;2;210;216;229;48;2;210;216;229m▀[0m[38;2;221;180;77m║[0m
[38;2;217;177;72m║[0m[38;2;199;205;215;48;2;197;203;213m▀[38;2;197;204;209;48;2;196;203;208m▀[38;2;195;202;206;48;2;194;201;205m▀[38;2;194;202;204;48;2;194;201;202m▀[38;2;195;200;198;48;2;189;190;184m▀[38;2;139;131;126;48;2;113;98;91m▀[38;2;75;59;54;48;2;76;58;53m▀[38;2;42;29;30;48;2;33;23;23m▀[38;2;37;25;31;48;2;37;26;33m▀[38;2;33;20;28;48;2;36;24;31m▀[38;2;33;20;29;48;2;28;15;23m▀[38;2;24;10;16;48;2;22;7;11m▀[38;2;79;42;21;48;2;119;70;40m▀[38;2;159;94;49;48;2;191;116;61m▀[38;2;167;96;52;48;2;189;111;60m▀[38;2;148;80;47;48;2;167;93;52m▀[38;2;118;81;66;48;2;169;115;93m▀[38;2;132;90;76;48;2;184;130;115m▀[38;2;180;115;89;48;2;207;142;112m▀[38;2;193;107;64;48;2;211;132;76m▀[38;2;208;122;58;48;2;213;117;51m▀[38;2;246;160;97;48;2;238;141;73m▀[38;2;178;94;48;48;2;191;102;45m▀[38;2;170;98;74;48;2;199;124;83m▀[38;2;123;76;76;48;2;185;127;104m▀[38;2;130;82;82;48;2;174;115;95m▀[38;2;139;75;56;48;2;156;82;51m▀[38;2;96;50;37;48;2;117;64;44m▀[38;2;34;18;16;48;2;39;22;20m▀[38;2;44;30;37;48;2;41;27;34m▀[38;2;42;27;34;48;2;44;30;36m▀[38;2;34;21;18;48;2;39;25;22m▀[38;2;83;68;60;48;2;69;54;46m▀[38;2;195;193;187;48;2;177;175;168m▀[38;2;158;163;164;48;2;174;179;180m▀[38;2;198;200;210;48;2;202;203;214m▀[38;2;204;209;223;48;2;204;208;223m▀[38;2;206;211;225;48;2;206;211;225m▀[38;2;208;213;227;48;2;208;213;227m▀[38;2;211;217;230;48;2;211;217;230m▀[0m[38;2;217;177;72m║[0m
[38;2;214;173;66m║[0m[38;2;196;202;212;48;2;196;202;212m▀[38;2;194;201;207;48;2;194;201;207m▀[38;2;193;199;203;48;2;192;199;203m▀[38;2;193;199;200;48;2;192;198;200m▀[38;2;180;180;174;48;2;180;180;175m▀[38;2;101;88;84;48;2;76;67;64m▀[38;2;57;41;39;48;2;35;22;21m▀[38;2;29;19;17;48;2;28;19;16m▀[38;2;36;28;29;48;2;32;23;19m▀[38;2;33;27;32;48;2;35;29;32m▀[38;2;30;20;25;48;2;32;24;29m▀[38;2;42;20;18;48;2;41;22;19m▀[38;2;153;88;54;48;2;151;88;55m▀[38;2;205;120;57;48;2;206;122;59m▀[38;2;217;139;75;48;2;226;149;86m▀[38;2;221;138;73;48;2;247;162;99m▀[38;2;224;140;79;48;2;253;169;113m▀[38;2;230;155;102;48;2;255;183;134m▀[38;2;242;168;111;48;2;255;184;134m▀[38;2;233;151;82;48;2;225;142;82m▀[38;2;213;117;49;48;2;209;118;59m▀[38;2;242;148;79;48;2;250;168;111m▀[38;2;204;112;45;48;2;211;124;64m▀[38;2;211;124;59;48;2;218;126;62m▀[38;2;222;139;73;48;2;247;156;90m▀[38;2;210;126;64;48;2;247;154;90m▀[38;2;204;124;55;48;2;229;145;72m▀[38;2;156;92;51;48;2;177;106;64m▀[38;2;62;33;25;48;2;69;36;28m▀[38;2;43;25;31;48;2;40;22;27m▀[38;2;44;29;37;48;2;41;29;37m▀[38;2;45;28;28;48;2;43;27;28m▀[38;2;61;40;37;48;2;48;27;26m▀[38;2;160;149;144;48;2;131;116;114m▀[38;2;189;191;192;48;2;191;189;191m▀[38;2;198;206;218;48;2;192;203;213m▀[38;2;203;209;223;48;2;204;210;225m▀[38;2;207;212;226;48;2;208;213;227m▀[38;2;209;214;228;48;2;210;215;229m▀[38;2;212;218;231;48;2;212;218;231m▀[0m[38;2;214;173;66m║[0m
[38;2;210;170;61m║[0m[38;2;195;201;211;48;2;194;200;210m▀[38;2;193;200;206;48;2;192;199;205m▀[38;2;192;198;202;48;2;191;197;201m▀[38;2;192;199;200;48;2;192;198;200m▀[38;2;171;174;170;48;2;167;172;171m▀[38;2;46;39;39;48;2;36;31;33m▀[38;2;25;15;16;48;2;20;11;15m▀[38;2;27;20;19;48;2;21;17;18m▀[38;2;36;25;21;48;2;31;25;21m▀[38;2;34;27;29;48;2;19;13;17m▀[38;2;22;15;20;48;2;27;17;21m▀[38;2;30;14;14;48;2;45;27;25m▀[38;2;121;69;41;48;2;100;57;32m▀[38;2;204;124;64;48;2;189;111;52m▀[38;2;225;146;84;48;2;219;138;79m▀[38;2;245;157;100;48;2;244;154;101m▀[38;2;255;168;125;48;2;255;167;126m▀[38;2;255;184;149;48;2;254;176;142m▀[38;2;255;185;147;48;2;249;168;133m▀[38;2;208;120;74;48;2;203;112;68m▀[38;2;221;136;92;48;2;195;112;80m▀[38;2;255;193;154;48;2;229;166;145m▀[38;2;232;153;111;48;2;214;140;112m▀[38;2;210;117;61;48;2;209;114;66m▀[38;2;255;160;99;48;2;251;161;100m▀[38;2;254;159;100;48;2;251;161;102m▀[38;2;236;148;81;48;2;234;152;85m▀[38;2;183;109;72;48;2;170;102;65m▀[38;2;59;29;25;48;2;43;16;15m▀[38;2;30;17;21;48;2;21;12;14m▀[38;2;35;27;34;48;2;19;15;20m▀[38;2;27;16;20;48;2;17;10;17m▀[38;2;30;16;17;48;2;20;11;15m▀[38;2;83;68;67;48;2;45;30;30m▀[38;2;169;164;165;48;2;172;163;164m▀[38;2;194;203;210;48;2;205;212;216m▀[38;2;204;211;224;48;2;204;210;223m▀[38;2;208;212;227;48;2;207;212;226m▀[38;2;210;215;229;48;2;210;215;229m▀[38;2;212;218;231;48;2;212;218;231m▀[0m[38;2;210;170;61m║[0m
[38;2;207;166;56m║[0m[38;2;193;198;209;48;2;193;197;208m▀[38;2;192;197;204;48;2;191;195;203m▀[38;2;192;196;201;48;2;190;194;198m▀[38;2;191;198;200;48;2;189;194;196m▀[38;2;178;184;186;48;2;187;191;193m▀[38;2;35;34;37;48;2;67;66;67m▀[38;2;15;8;11;48;2;28;21;20m▀[38;2;43;34;34;48;2;114;103;101m▀[38;2;34;23;21;48;2;50;37;35m▀[38;2;16;10;14;48;2;19;13;18m▀[38;2;31;22;29;48;2;17;12;21m▀[38;2;49;35;37;48;2;16;6;10m▀[38;2;94;53;35;48;2;88;48;35m▀[38;2;173;97;49;48;2;174;97;54m▀[38;2;203;127;68;48;2;198;122;61m▀[38;2;230;151;92;48;2;220;141;76m▀[38;2;249;159;107;48;2;234;153;85m▀[38;2;251;167;113;48;2;226;152;87m▀[38;2;253;172;119;48;2;213;140;87m▀[38;2;206;121;75;48;2;175;100;62m▀[38;2;153;77;50;48;2;145;76;45m▀[38;2;162;95;73;48;2;158;92;66m▀[38;2;155;83;54;48;2;134;66;39m▀[38;2;200;113;67;48;2;153;83;49m▀[38;2;244;158;90;48;2;196;123;73m▀[38;2;237;157;87;48;2;213;136;69m▀[38;2;223;143;81;48;2;214;134;72m▀[38;2;138;84;54;48;2;110;72;47m▀[38;2;21;10;9;48;2;10;6;9m▀[38;2;14;8;12;48;2;12;7;12m▀[38;2;18;12;19;48;2;19;11;18m▀[38;2;23;13;23;48;2;26;14;23m▀[38;2;20;9;18;48;2;30;16;20m▀[38;2;18;8;14;48;2;22;11;13m▀[38;2;111;106;109;48;2;60;54;54m▀[38;2;208;211;214;48;2;155;153;153m▀[38;2;204;210;220;48;2;203;208;218m▀[38;2;207;212;226;48;2;208;213;226m▀[38;2;210;214;230;48;2;209;213;229m▀[38;2;212;217;234;48;2;212;216;235m▀[0m[38;2;207;166;56m║[0m
[38;2;203;162;51m║[0m[38;2;190;194;205;48;2;188;192;203m▀[38;2;189;193;200;48;2;187;191;198m▀[38;2;187;191;195;48;2;185;190;194m▀[38;2;186;190;192;48;2;185;189;190m▀[38;2;190;187;185;48;2;192;184;179m▀[38;2;173;168;164;48;2;193;185;177m▀[38;2;132;125;118;48;2;196;189;176m▀[38;2;117;107;99;48;2;172;166;151m▀[38;2;47;37;33;48;2;57;50;44m▀[38;2;14;10;14;48;2;8;7;10m▀[38;2;11;9;16;48;2;4;5;10m▀[38;2;11;3;7;48;2;7;4;8m▀[38;2;70;37;28;48;2;36;19;15m▀[38;2;171;98;59;48;2;149;89;54m▀[38;2;197;120;60;48;2;186;117;60m▀[38;2;219;136;71;48;2;203;124;59m▀[38;2;213;136;68;48;2;212;133;64m▀[38;2;158;91;36;48;2;186;114;59m▀[38;2;134;64;32;48;2;167;87;51m▀[38;2;153;74;56;48;2;180;81;59m▀[38;2;176;87;63;48;2;206;87;78m▀[38;2;205;112;96;48;2;217;89;87m▀[38;2;187;97;83;48;2;198;81;71m▀[38;2;148;69;48;48;2;168;75;46m▀[38;2;122;60;27;48;2;170;102;57m▀[38;2;173;100;44;48;2;177;110;60m▀[38;2;199;125;72;48;2;168;106;72m▀[38;2;79;56;40;48;2;45;29;29m▀[38;2;10;8;15;48;2;10;7;18m▀[38;2;17;11;18;48;2;22;15;24m▀[38;2;17;10;14;48;2;19;12;14m▀[38;2;31;20;23;48;2;39;30;28m▀[38;2;54;41;38;48;2;71;67;61m▀[38;2;53;43;39;48;2;121;119;116m▀[38;2;125;118;117;48;2;186;189;192m▀[38;2;168;165;167;48;2;203;208;215m▀[38;2;202;206;216;48;2;204;209;220m▀[38;2;209;214;228;48;2;208;213;226m▀[38;2;210;214;230;48;2;210;214;230m▀[38;2;212;215;234;48;2;212;215;234m▀[0m[38;2;203;162;51m║[0m
[38;2;199;158;47m║[0m[38;2;186;191;201;48;2;185;190;197m▀[38;2;185;190;195;48;2;185;188;192m▀[38;2;185;188;190;48;2;184;185;184m▀[38;2;184;186;183;48;2;182;182;176m▀[38;2;189;184;175;48;2;184;182;172m▀[38;2;188;178;167;48;2;168;159;147m▀[38;2;173;165;154;48;2;104;95;86m▀[38;2;100;94;88;48;2;34;29;29m▀[38;2;27;19;20;48;2;26;17;22m▀[38;2;10;9;11;48;2;20;17;18m▀[38;2;4;5;10;48;2;14;13;17m▀[38;2;9;7;14;48;2;10;8;18m▀[38;2;20;13;13;48;2;28;14;17m▀[38;2;103;59;28;48;2;98;54;28m▀[38;2;163;103;53;48;2;128;72;33m▀[38;2;182;110;51;48;2;162;99;57m▀[38;2;198;120;52;48;2;181;106;51m▀[38;2;214;138;67;48;2;193;117;47m▀[38;2;223;142;82;48;2;205;126;54m▀[38;2;224;132;89;48;2;219;138;76m▀[38;2;223;123;99;48;2;211;133;81m▀[38;2;214;111;91;48;2;187;108;62m▀[38;2;215;117;87;48;2;202;123;71m▀[38;2;209;123;75;48;2;202;123;60m▀[38;2;199;126;69;48;2;184;108;52m▀[38;2;171;108;61;48;2;140;91;58m▀[38;2;112;71;50;48;2;37;21;13m▀[38;2;15;7;12;48;2;7;6;8m▀[38;2;13;11;18;48;2;10;11;12m▀[38;2;20;12;17;48;2;72;65;65m▀[38;2;48;40;43;48;2;159;152;151m▀[38;2;128;124;125;48;2;186;187;189m▀[38;2;179;184;184;48;2;194;201;206m▀[38;2;193;199;203;48;2;197;204;209m▀[38;2;200;206;215;48;2;200;205;216m▀[38;2;201;207;220;48;2;203;208;221m▀[38;2;205;210;224;48;2;206;211;225m▀[38;2;209;214;227;48;2;209;214;228m▀[38;2;210;215;229;48;2;210;216;229m▀[38;2;212;217;232;48;2;212;218;231m▀[0m[38;2;199;158;47m║[0m
[38;2;193;152;45m║[0m[38;2;186;188;193;48;2;187;187;191m▀[38;2;185;186;188;48;2;185;184;184m▀[38;2;183;182;178;48;2;184;180;175m▀[38;2;182;179;173;48;2;182;178;169m▀[38;2;175;173;162;48;2;178;175;165m▀[38;2;120;111;98;48;2;131;122;110m▀[38;2;57;48;39;48;2;62;53;44m▀[38;2;21;16;16;48;2;26;22;22m▀[38;2;23;16;21;48;2;23;18;25m▀[38;2;30;25;24;48;2;30;24;22m▀[38;2;22;20;22;48;2;18;13;14m▀[38;2;42;40;53;48;2;126;128;142m▀[38;2;85;62;63;48;2;208;205;215m▀[38;2;132;76;44;48;2;165;119;87m▀[38;2;147;82;40;48;2;181;113;61m▀[38;2;141;76;37;48;2;173;102;50m▀[38;2;162;91;46;48;2;139;76;32m▀[38;2;184;112;51;48;2;153;88;39m▀[38;2;198;123;52;48;2;199;129;73m▀[38;2;225;147;77;48;2;211;137;80m▀[38;2;238;164;102;48;2;222;150;99m▀[38;2;224;150;96;48;2;223;151;108m▀[38;2;219;145;89;48;2;205;131;91m▀[38;2;204;130;68;48;2;190;120;76m▀[38;2;170;105;62;48;2;99;64;42m▀[38;2;62;37;25;48;2;16;9;9m▀[38;2;2;4;9;48;2;13;17;27m▀[38;2;13;13;16;48;2;10;8;14m▀[38;2;18;17;18;48;2;41;35;37m▀[38;2;64;57;52;48;2;94;81;73m▀[38;2;152;145;140;48;2;135;123;114m▀[38;2;183;183;184;48;2;174;169;171m▀[38;2;189;195;200;48;2;183;188;193m▀[38;2;194;201;206;48;2;190;197;202m▀[38;2;200;206;216;48;2;198;204;214m▀[38;2;203;208;221;48;2;205;209;223m▀[38;2;206;211;225;48;2;206;211;225m▀[38;2;209;214;228;48;2;209;213;228m▀[38;2;210;216;229;48;2;210;216;229m▀[38;2;212;218;231;48;2;212;218;231m▀[0m[38;2;193;152;45m║[0m
[38;2;187;147;42m║[0m[38;2;186;184;189;48;2;184;183;188m▀[38;2;184;182;182;48;2;182;180;181m▀[38;2;182;177;172;48;2;180;175;171m▀[38;2;179;174;166;48;2;177;172;164m▀[38;2;178;176;168;48;2;174;173;163m▀[38;2;171;166;153;48;2;175;173;156m▀[38;2;161;151;142;48;2;180;174;157m▀[38;2;95;85;85;48;2;150;141;134m▀[38;2;24;17;21;48;2;36;30;33m▀[38;2;23;19;17;48;2;46;47;50m▀[38;2;72;73;79;48;2;196;202;211m▀[38;2;205;213;230;48;2;235;243;255m▀[38;2;224;241;255;48;2;223;236;254m▀[38;2;228;218;216;48;2;234;243;255m▀[38;2;192;148;118;48;2;241;229;227m▀[38;2;204;135;82;48;2;210;171;139m▀[38;2;183;117;68;48;2;210;149;95m▀[38;2;153;88;41;48;2;197;129;75m▀[38;2;148;85;43;48;2;172;107;59m▀[38;2;150;91;55;48;2;153;95;56m▀[38;2;143;82;52;48;2;155;96;61m▀[38;2;137;78;52;48;2;152;97;65m▀[38;2;128;72;46;48;2;129;79;52m▀[38;2;112;64;36;48;2;95;53;32m▀[38;2;33;20;11;48;2;30;16;12m▀[38;2;12;12;15;48;2;43;39;43m▀[38;2;24;22;30;48;2;40;34;36m▀[38;2;66;55;60;48;2;100;84;76m▀[38;2;72;60;58;48;2;147;136;121m▀[38;2;90;77;70;48;2;150;142;129m▀[38;2;148;137;130;48;2;160;155;144m▀[38;2;177;173;169;48;2;175;172;165m▀[38;2;181;185;187;48;2;178;180;182m▀[38;2;184;189;193;48;2;180;185;188m▀[38;2;190;197;203;48;2;184;191;195m▀[38;2;199;206;216;48;2;192;201;208m▀[38;2;205;210;224;48;2;202;207;221m▀[38;2;208;212;227;48;2;207;212;226m▀[38;2;210;215;229;48;2;209;214;228m▀[38;2;211;217;230;48;2;210;216;229m▀[0m[38;2;187;147;42m║[0m
[38;2;181;141;40m║[0m[38;2;183;181;187;48;2;183;180;187m▀[38;2;181;179;180;48;2;180;178;179m▀[38;2;180;175;171;48;2;179;175;171m▀[38;2;177;173;164;48;2;178;173;164m▀[38;2;174;172;158;48;2;175;172;159m▀[38;2;172;171;152;48;2;174;173;158m▀[38;2;172;172;153;48;2;165;166;158m▀[38;2;160;159;149;48;2;66;70;74m▀[38;2;30;31;36;48;2;6;14;24m▀[38;2;60;64;73;48;2;13;20;34m▀[38;2;231;237;247;48;2;155;162;175m▀[38;2;242;248;255;48;2;248;254;255m▀[38;2;232;239;254;48;2;240;249;255m▀[38;2;231;242;255;48;2;242;253;255m▀[38;2;241;250;255;48;2;241;249;255m▀[38;2;238;236;236;48;2;243;247;255m▀[38;2;207;171;137;48;2;238;233;231m▀[38;2;204;145;95;48;2;199;161;133m▀[38;2;205;133;78;48;2;201;136;87m▀[38;2;197;126;74;48;2;205;136;82m▀[38;2;192;126;74;48;2;200;130;80m▀[38;2;182;118;74;48;2;185;117;70m▀[38;2;151;93;58;48;2;165;104;60m▀[38;2;123;71;46;48;2;144;89;51m▀[38;2;59;34;31;48;2;113;84;76m▀[38;2;127;121;127;48;2;204;200;211m▀[38;2;109;106;107;48;2;188;191;205m▀[38;2;126;114;100;48;2;124;116;119m▀[38;2;164;157;136;48;2;167;161;153m▀[38;2;165;161;144;48;2;176;173;165m▀[38;2;169;167;154;48;2;172;171;166m▀[38;2;175;175;168;48;2;174;176;172m▀[38;2;175;178;179;48;2;175;177;178m▀[38;2;177;182;186;48;2;177;183;186m▀[38;2;182;188;192;48;2;184;190;194m▀[38;2;190;198;205;48;2;191;199;206m▀[38;2;200;206;219;48;2;199;205;218m▀[38;2;206;211;225;48;2;205;210;224m▀[38;2;209;214;228;48;2;208;213;227m▀[38;2;211;216;230;48;2;210;216;229m▀[0m[38;2;181;141;40m║[0m
[38;2;174;135;38m║[0m[38;2;179;179;183;48;2;175;177;174m▀[38;2;178;177;178;48;2;175;175;171m▀[38;2;179;173;171;48;2;179;175;170m▀[38;2;179;171;166;48;2;181;174;171m▀[38;2;181;175;167;48;2;134;129;134m▀[38;2;161;159;153;48;2;47;46;55m▀[38;2;72;76;81;48;2;7;12;25m▀[38;2;4;11;25;48;2;6;14;29m▀[38;2;8;15;30;48;2;9;12;30m▀[38;2;5;10;27;48;2;10;13;31m▀[38;2;52;56;74;48;2;8;10;29m▀[38;2;224;228;240;48;2;136;140;158m▀[38;2;245;254;255;48;2;240;248;255m▀[38;2;245;254;255;48;2;245;253;255m▀[38;2;245;251;255;48;2;245;254;255m▀[38;2;243;247;255;48;2;244;253;255m▀[38;2;241;250;255;48;2;242;251;255m▀[38;2;237;227;226;48;2;246;251;255m▀[38;2;190;145;119;48;2;239;225;222m▀[38;2;202;134;87;48;2;180;139;112m▀[38;2;205;136;91;48;2;171;112;68m▀[38;2;189;124;77;48;2;181;119;73m▀[38;2;175;112;64;48;2;185;117;69m▀[38;2;160;99;53;48;2;172;111;71m▀[38;2;158;121;104;48;2;172;136;121m▀[38;2;224;215;228;48;2;229;218;233m▀[38;2;231;237;251;48;2;191;196;207m▀[38;2;107;105;121;48;2;152;154;172m▀[38;2;41;39;48;48;2;43;44;65m▀[38;2;117;118;121;48;2;1;3;17m▀[38;2;164;168;166;48;2;37;41;48m▀[38;2;176;181;175;48;2;121;127;128m▀[38;2;175;179;179;48;2;178;184;185m▀[38;2;178;184;186;48;2;182;187;191m▀[38;2;186;191;196;48;2;187;191;199m▀[38;2;193;198;208;48;2;192;197;208m▀[38;2;197;203;216;48;2;196;202;215m▀[38;2;203;207;222;48;2;201;205;221m▀[38;2;206;210;227;48;2;205;207;227m▀[38;2;209;212;232;48;2;207;210;234m▀[0m[38;2;174;135;38m║[0m
[38;2;168;129;35m║[0m[38;2;175;175;169;48;2;181;179;180m▀[38;2;176;177;172;48;2;153;153;159m▀[38;2;168;169;168;48;2;57;59;74m▀[38;2;92;92;96;48;2;8;13;33m▀[38;2;21;19;40;48;2;9;15;36m▀[38;2;11;11;34;48;2;10;15;36m▀[38;2;9;14;34;48;2;7;14;33m▀[38;2;7;14;32;48;2;8;13;32m▀[38;2;9;12;30;48;2;9;12;30m▀[38;2;10;13;31;48;2;9;12;30m▀[38;2;7;10;28;48;2;11;14;32m▀[38;2;33;37;55;48;2;4;7;25m▀[38;2;194;201;220;48;2;75;83;99m▀[38;2;239;246;253;48;2;215;223;237m▀[38;2;245;254;255;48;2;237;245;252m▀[38;2;243;253;255;48;2;241;249;255m▀[38;2;245;252;255;48;2;243;251;255m▀[38;2;242;251;255;48;2;233;245;252m▀[38;2;243;253;255;48;2;218;231;246m▀[38;2;231;232;236;48;2;221;230;253m▀[38;2;196;177;167;48;2;221;236;255m▀[38;2;182;142;115;48;2;223;213;212m▀[38;2;189;116;66;48;2;181;124;84m▀[38;2;183;123;87;48;2;189;157;137m▀[38;2;195;176;174;48;2;226;225;236m▀[38;2;232;226;245;48;2;223;221;243m▀[38;2;151;154;164;48;2;75;76;84m▀[38;2;74;75;96;48;2;14;16;36m▀[38;2;103;103;129;48;2;45;46;68m▀[38;2;0;0;23;48;2;4;5;27m▀[38;2;2;3;24;48;2;7;8;30m▀[38;2;8;10;27;48;2;6;7;29m▀[38;2;87;91;100;48;2;5;7;25m▀[38;2;184;188;198;48;2;96;99;114m▀[38;2;189;193;202;48;2;191;195;204m▀[38;2;191;196;205;48;2;190;195;201m▀[38;2;194;200;213;48;2;193;199;211m▀[38;2;199;203;219;48;2;197;202;218m▀[38;2;203;206;225;48;2;201;204;223m▀[38;2;206;209;232;48;2;205;208;231m▀[0m[38;2;168;129;35m║[0m
[38;2;162;124;33m║[0m[38;2;144;145;156;48;2;36;40;56m▀[38;2;40;42;56;48;2;9;13;29m▀[38;2;9;12;31;48;2;11;16;31m▀[38;2;10;15;36;48;2;11;14;30m▀[38;2;8;14;32;48;2;10;12;32m▀[38;2;8;13;31;48;2;8;11;31m▀[38;2;8;13;31;48;2;9;12;32m▀[38;2;9;11;32;48;2;9;12;32m▀[38;2;8;11;30;48;2;8;11;31m▀[38;2;8;11;30;48;2;10;13;33m▀[38;2;11;14;33;48;2;11;14;34m▀[38;2;10;13;32;48;2;11;14;34m▀[38;2;3;7;24;48;2;8;11;31m▀[38;2;114;119;136;48;2;15;18;38m▀[38;2;225;230;245;48;2;173;176;196m▀[38;2;240;245;252;48;2;234;238;253m▀[38;2;233;242;251;48;2;217;226;247m▀[38;2;213;223;239;48;2;218;228;249m▀[38;2;219;228;246;48;2;228;237;254m▀[38;2;228;233;254;48;2;230;239;255m▀[38;2;227;237;255;48;2;239;245;255m▀[38;2;226;226;236;48;2;227;230;240m▀[38;2;185;154;135;48;2;203;186;181m▀[38;2;226;221;220;48;2;250;248;251m▀[38;2;241;248;255;48;2;244;251;255m▀[38;2;210;212;229;48;2;213;217;231m▀[38;2;48;51;63;48;2;63;66;85m▀[38;2;1;3;24;48;2;0;2;22m▀[38;2;5;7;25;48;2;7;10;28m▀[38;2;6;9;26;48;2;7;10;28m▀[38;2;7;10;28;48;2;7;10;28m▀[38;2;7;9;28;48;2;7;10;28m▀[38;2;5;8;27;48;2;7;10;28m▀[38;2;11;13;31;48;2;4;7;25m▀[38;2;132;136;150;48;2;49;52;71m▀[38;2;193;197;209;48;2;178;182;199m▀[38;2;192;197;209;48;2;190;195;206m▀[38;2;196;201;215;48;2;194;200;212m▀[38;2;199;203;221;48;2;197;202;217m▀[38;2;202;205;226;48;2;200;203;222m▀[0m[38;2;162;124;33m║[0m
[38;2;156;118;30m║[0m[38;2;12;15;34;48;2;13;16;39m▀[38;2;12;15;34;48;2;12;15;38m▀[38;2;11;14;33;48;2;11;14;37m▀[38;2;10;13;32;48;2;10;13;36m▀[38;2;11;14;34;48;2;7;10;31m▀[38;2;8;11;31;48;2;10;13;33m▀[38;2;8;11;31;48;2;9;12;32m▀[38;2;9;12;32;48;2;9;12;32m▀[38;2;9;12;32;48;2;11;14;34m▀[38;2;10;13;33;48;2;10;13;33m▀[38;2;10;13;33;48;2;10;13;33m▀[38;2;11;14;34;48;2;10;13;33m▀[38;2;11;14;34;48;2;11;14;34m▀[38;2;4;7;27;48;2;11;13;33m▀[38;2;65;68;88;48;2;9;12;32m▀[38;2;227;231;248;48;2;173;177;194m▀[38;2;227;236;255;48;2;240;250;255m▀[38;2;223;233;254;48;2;233;244;255m▀[38;2;223;233;254;48;2;235;246;255m▀[38;2;229;238;255;48;2;231;242;255m▀[38;2;239;247;255;48;2;237;245;255m▀[38;2;233;237;246;48;2;243;247;255m▀[38;2;230;226;230;48;2;227;235;247m▀[38;2;236;240;249;48;2;213;222;240m▀[38;2;219;223;243;48;2;221;224;252m▀[38;2;211;214;235;48;2;222;225;250m▀[38;2;66;69;88;48;2;70;73;93m▀[38;2;1;4;22;48;2;2;6;21m▀[38;2;7;10;28;48;2;8;11;29m▀[38;2;9;11;30;48;2;8;11;29m▀[38;2;8;11;29;48;2;7;10;28m▀[38;2;8;11;29;48;2;9;12;30m▀[38;2;8;11;29;48;2;8;11;29m▀[38;2;7;10;28;48;2;8;11;29m▀[38;2;14;17;36;48;2;7;10;29m▀[38;2;142;146;163;48;2;118;122;139m▀[38;2;190;195;206;48;2;188;194;205m▀[38;2;192;198;210;48;2;190;195;208m▀[38;2;195;200;216;48;2;194;198;214m▀[38;2;198;202;221;48;2;196;200;219m▀[0m[38;2;156;118;30m║[0m
[38;2;150;112;28m╚════════════════════════════════════════╝[0m
