[38;2;255;226;140m╔════════════════════════════════════════╗[0m
[38;2;252;222;134m║[0m[38;2;188;179;166;48;2;188;179;166m▀[38;2;186;177;164;48;2;186;177;164m▀[38;2;186;177;164;48;2;186;177;164m▀[38;2;184;175;162;48;2;184;175;162m▀[38;2;184;175;162;48;2;184;175;162m▀[38;2;184;175;162;48;2;184;175;162m▀[38;2;183;173;161;48;2;183;173;161m▀[38;2;183;174;161;48;2;183;174;161m▀[38;2;181;176;161;48;2;179;174;159m▀[38;2;180;176;161;48;2;178;174;159m▀[38;2;179;174;160;48;2;177;172;158m▀[38;2;179;174;160;48;2;177;172;158m▀[38;2;177;172;158;48;2;177;172;158m▀[38;2;177;172;158;48;2;177;172;158m▀[38;2;177;172;158;48;2;177;172;158m▀[38;2;177;172;158;48;2;177;172;158m▀[38;2;176;173;158;48;2;177;172;158m▀[38;2;176;173;158;48;2;177;172;158m▀[38;2;175;172;157;48;2;176;171;157m▀[38;2;175;172;157;48;2;176;171;157m▀[38;2;176;173;158;48;2;175;170;156m▀[38;2;176;173;158;48;2;175;170;156m▀[38;2;175;172;157;48;2;176;171;157m▀[38;2;175;172;157;48;2;176;171;157m▀[38;2;175;172;157;48;2;175;172;157m▀[38;2;175;172;157;48;2;175;172;157m▀[38;2;175;172;157;48;2;175;172;157m▀[38;2;175;172;157;48;2;175;172;157m▀[38;2;176;173;158;48;2;176;173;158m▀[38;2;176;173;158;48;2;176;173;158m▀[38;2;177;175;159;48;2;177;175;159m▀[38;2;177;175;159;48;2;177;175;159m▀[38;2;178;176;160;48;2;178;176;160m▀[38;2;178;176;160;48;2;178;176;160m▀[38;2;180;178;162;48;2;180;178;162m▀[38;2;180;178;162;48;2;180;178;162m▀[38;2;182;180;164;48;2;181;179;163m▀[38;2;183;181;165;48;2;182;180;164m▀[38;2;183;181;165;48;2;182;180;164m▀[38;2;184;182;166;48;2;183;181;165m▀[0m[38;2;252;222;134m║[0m
[38;2;249;217;128m║[0m[38;2;187;178;165;48;2;186;177;164m▀[38;2;186;177;164;48;2;184;176;163m▀[38;2;184;175;162;48;2;184;175;162m▀[38;2;184;175;162;48;2;184;175;162m▀[38;2;184;175;162;48;2;184;175;162m▀[38;2;183;173;161;48;2;183;173;161m▀[38;2;181;171;159;48;2;181;171;159m▀[38;2;180;171;158;48;2;180;171;158m▀[38;2;178;173;159;48;2;178;173;159m▀[38;2;178;173;159;48;2;178;173;159m▀[38;2;177;172;158;48;2;177;172;158m▀[38;2;177;172;158;48;2;177;172;158m▀[38;2;176;171;157;48;2;174;169;155m▀[38;2;176;171;157;48;2;174;169;155m▀[38;2;176;171;157;48;2;174;169;155m▀[38;2;176;171;157;48;2;174;169;155m▀[38;2;177;169;155;48;2;178;168;155m▀[38;2;177;169;155;48;2;178;168;155m▀[38;2;178;170;157;48;2;177;167;154m▀[38;2;178;170;157;48;2;177;167;154m▀[38;2;177;169;155;48;2;176;166;153m▀[38;2;177;169;155;48;2;176;166;153m▀[38;2;177;168;154;48;2;177;167;154m▀[38;2;176;169;154;48;2;177;168;154m▀[38;2;175;172;157;48;2;173;170;154m▀[38;2;175;172;157;48;2;172;170;154m▀[38;2;173;171;155;48;2;173;171;155m▀[38;2;173;171;155;48;2;173;171;155m▀[38;2;174;172;156;48;2;173;171;155m▀[38;2;176;173;158;48;2;175;172;157m▀[38;2;176;173;158;48;2;176;173;158m▀[38;2;176;173;158;48;2;176;173;158m▀[38;2;176;173;158;48;2;176;173;158m▀[38;2;178;176;160;48;2;177;175;159m▀[38;2;178;176;160;48;2;177;175;159m▀[38;2;179;177;161;48;2;178;176;160m▀[38;2;180;178;162;48;2;179;177;161m▀[38;2;181;179;163;48;2;180;178;162m▀[38;2;181;179;163;48;2;181;179;163m▀[38;2;182;180;164;48;2;182;180;164m▀[0m[38;2;249;217;128m║[0m
[38;2;246;213;122m║[0m[38;2;183;179;164;48;2;183;179;164m▀[38;2;182;178;163;48;2;182;178;163m▀[38;2;181;177;162;48;2;181;177;162m▀[38;2;182;176;161;48;2;181;176;161m▀[38;2;183;175;162;48;2;183;175;162m▀[38;2;182;172;160;48;2;182;172;160m▀[38;2;181;171;159;48;2;181;171;159m▀[38;2;181;171;159;48;2;181;171;159m▀[38;2;180;171;158;48;2;180;170;158m▀[38;2;180;171;158;48;2;180;170;158m▀[38;2;180;169;158;48;2;180;169;158m▀[38;2;178;169;155;48;2;178;169;155m▀[38;2;175;170;155;48;2;176;170;155m▀[38;2;175;170;155;48;2;175;170;155m▀[38;2;174;170;155;48;2;172;168;153m▀[38;2;174;170;155;48;2;172;168;153m▀[38;2;178;168;152;48;2;176;168;152m▀[38;2;178;168;152;48;2;176;168;153m▀[38;2;177;167;151;48;2;175;167;152m▀[38;2;177;168;152;48;2;176;168;153m▀[38;2;174;168;153;48;2;175;171;156m▀[38;2;172;167;152;48;2;173;169;154m▀[38;2;173;168;153;48;2;173;169;154m▀[38;2;173;169;154;48;2;174;170;155m▀[38;2;172;170;154;48;2;171;169;153m▀[38;2;172;170;154;48;2;170;168;152m▀[38;2;172;170;154;48;2;170;168;152m▀[38;2;172;170;154;48;2;170;168;152m▀[38;2;173;171;155;48;2;171;169;153m▀[38;2;173;171;155;48;2;171;169;153m▀[38;2;176;173;158;48;2;174;171;156m▀[38;2;176;173;158;48;2;174;171;156m▀[38;2;176;173;158;48;2;175;172;157m▀[38;2;177;174;159;48;2;177;175;159m▀[38;2;177;175;159;48;2;177;175;159m▀[38;2;179;177;161;48;2;179;177;161m▀[38;2;179;177;161;48;2;179;177;161m▀[38;2;179;177;161;48;2;179;177;161m▀[38;2;181;179;163;48;2;181;179;163m▀[38;2;181;179;163;48;2;181;179;163m▀[0m[38;2;246;213;122m║[0m
[38;2;243;209;116m║[0m[38;2;183;179;164;48;2;183;179;164m▀[38;2;181;177;162;48;2;181;177;162m▀[38;2;180;176;161;48;2;180;176;161m▀[38;2;180;176;161;48;2;180;176;161m▀[38;2;183;173;161;48;2;183;173;161m▀[38;2;181;171;159;48;2;181;171;159m▀[38;2;181;171;159;48;2;181;171;159m▀[38;2;181;171;159;48;2;181;171;159m▀[38;2;180;170;158;48;2;179;170;157m▀[38;2;179;169;157;48;2;178;168;155m▀[38;2;179;169;157;48;2;178;168;155m▀[38;2;178;169;155;48;2;177;168;154m▀[38;2;173;169;154;48;2;173;169;153m▀[38;2;172;168;153;48;2;171;167;152m▀[38;2;171;167;152;48;2;173;168;153m▀[38;2;172;167;152;48;2;169;164;150m▀[38;2;174;169;155;48;2;156;152;140m▀[38;2;174;170;156;48;2;123;120;108m▀[38;2;163;159;145;48;2;66;63;53m▀[38;2;125;121;107;48;2;52;48;38m▀[38;2;122;118;106;48;2;40;35;28m▀[38;2;112;108;96;48;2;37;31;26m▀[38;2;108;103;92;48;2;42;36;30m▀[38;2;139;135;123;48;2;67;62;54m▀[38;2;160;158;142;48;2;84;82;67m▀[38;2;170;168;152;48;2;124;122;106m▀[38;2;170;168;152;48;2;154;152;136m▀[38;2;169;167;151;48;2;171;168;152m▀[38;2;171;169;153;48;2;170;168;151m▀[38;2;171;169;153;48;2;169;167;151m▀[38;2;172;170;154;48;2;171;169;153m▀[38;2;173;171;155;48;2;172;170;154m▀[38;2;174;171;156;48;2;174;171;156m▀[38;2;176;172;158;48;2;176;172;158m▀[38;2;176;174;158;48;2;176;174;158m▀[38;2;177;175;159;48;2;177;175;159m▀[38;2;179;177;161;48;2;179;177;161m▀[38;2;180;178;162;48;2;180;178;162m▀[38;2;181;179;163;48;2;181;179;163m▀[38;2;181;179;163;48;2;181;179;163m▀[0m[38;2;243;209;116m║[0m
[38;2;240;204;110m║[0m[38;2;183;179;164;48;2;183;179;164m▀[38;2;181;177;162;48;2;181;177;162m▀[38;2;180;176;161;48;2;180;176;161m▀[38;2;180;176;161;48;2;180;176;161m▀[38;2;180;175;160;48;2;178;173;159m▀[38;2;178;172;159;48;2;176;172;158m▀[38;2;178;172;158;48;2;176;171;157m▀[38;2;177;171;156;48;2;175;170;155m▀[38;2;177;172;151;48;2;175;171;152m▀[38;2;175;170;149;48;2;173;170;150m▀[38;2;173;169;148;48;2;173;170;150m▀[38;2;174;169;148;48;2;170;168;148m▀[38;2;176;170;151;48;2;155;151;134m▀[38;2;172;166;149;48;2;142;138;123m▀[38;2;165;158;144;48;2;125;120;108m▀[38;2;115;107;96;48;2;45;40;32m▀[38;2;54;48;42;48;2;13;8;6m▀[38;2;30;25;21;48;2;12;8;6m▀[38;2;23;18;15;48;2;2;0;0m▀[38;2;15;12;9;48;2;0;0;0m▀[38;2;7;5;3;48;2;0;0;0m▀[38;2;13;11;9;48;2;0;0;0m▀[38;2;14;13;10;48;2;0;0;0m▀[38;2;19;17;14;48;2;2;2;1m▀[38;2;29;24;20;48;2;11;7;6m▀[38;2;53;48;38;48;2;13;9;7m▀[38;2;104;101;83;48;2;31;28;18m▀[38;2;156;153;131;48;2;42;40;28m▀[38;2;170;167;152;48;2;92;87;78m▀[38;2;174;170;156;48;2;119;114;102m▀[38;2;174;170;153;48;2;149;145;130m▀[38;2;173;170;151;48;2;172;168;150m▀[38;2;173;171;154;48;2;173;171;155m▀[38;2;174;172;157;48;2;174;172;156m▀[38;2;176;172;158;48;2;176;172;158m▀[38;2;177;175;159;48;2;177;175;159m▀[38;2;178;176;160;48;2;178;176;160m▀[38;2;180;178;162;48;2;180;178;162m▀[38;2;180;178;162;48;2;180;178;162m▀[38;2;180;178;162;48;2;180;178;162m▀[0m[38;2;240;204;110m║[0m
[38;2;237;200;104m║[0m[38;2;181;177;162;48;2;181;177;162m▀[38;2;180;176;161;48;2;180;176;161m▀[38;2;181;177;162;48;2;181;177;162m▀[38;2;179;175;160;48;2;179;175;160m▀[38;2;178;173;159;48;2;178;173;159m▀[38;2;176;171;157;48;2;176;171;157m▀[38;2;175;170;155;48;2;175;170;155m▀[38;2;175;170;155;48;2;175;170;155m▀[38;2;173;170;153;48;2;173;169;154m▀[38;2;172;169;152;48;2;173;168;154m▀[38;2;171;168;151;48;2;159;155;140m▀[38;2;143;139;123;48;2;76;72;60m▀[38;2;50;47;37;48;2;4;2;0m▀[38;2;27;24;18;48;2;1;0;0m▀[38;2;41;37;32;48;2;0;0;0m▀[38;2;15;12;10;48;2;0;0;0m▀[38;2;0;0;0;48;2;0;0;0m▀[38;2;1;0;0;48;2;0;0;0m▀[38;2;1;0;0;48;2;0;0;0m▀[38;2;3;3;2;48;2;1;1;0m▀[38;2;0;0;0;48;2;0;0;0m▀[38;2;1;1;0;48;2;4;4;2m▀[38;2;2;2;1;48;2;2;2;1m▀[38;2;0;0;0;48;2;5;4;3m▀[38;2;0;0;0;48;2;1;1;0m▀[38;2;2;1;1;48;2;0;0;0m▀[38;2;1;0;0;48;2;1;1;1m▀[38;2;0;0;0;48;2;1;0;1m▀[38;2;11;5;1;48;2;11;6;4m▀[38;2;22;18;12;48;2;17;11;6m▀[38;2;38;34;24;48;2;24;19;10m▀[38;2;108;105;91;48;2;44;40;31m▀[38;2;176;173;158;48;2;165;163;147m▀[38;2;174;172;156;48;2;177;175;159m▀[38;2;176;172;158;48;2;176;173;157m▀[38;2;177;174;159;48;2;177;174;159m▀[38;2;176;174;158;48;2;176;174;158m▀[38;2;177;175;159;48;2;177;175;159m▀[38;2;179;177;161;48;2;179;177;161m▀[38;2;180;178;162;48;2;180;178;162m▀[0m[38;2;237;200;104m║[0m
[38;2;234;196;98m║[0m[38;2;180;178;162;48;2;179;179;162m▀[38;2;180;177;162;48;2;180;177;162m▀[38;2;181;176;161;48;2;180;175;160m▀[38;2;181;173;160;48;2;181;172;159m▀[38;2;178;173;159;48;2;178;173;159m▀[38;2;176;171;158;48;2;176;172;158m▀[38;2;176;171;156;48;2;176;171;157m▀[38;2;174;170;154;48;2;174;169;154m▀[38;2;174;168;150;48;2;176;170;152m▀[38;2;175;172;154;48;2;165;161;144m▀[38;2;130;127;115;48;2;65;62;53m▀[38;2;18;17;14;48;2;3;2;3m▀[38;2;3;0;0;48;2;3;1;3m▀[38;2;2;1;1;48;2;0;1;1m▀[38;2;1;1;2;48;2;1;1;1m▀[38;2;0;0;0;48;2;2;2;1m▀[38;2;2;2;2;48;2;7;4;4m▀[38;2;0;0;1;48;2;10;5;3m▀[38;2;0;0;0;48;2;12;6;3m▀[38;2;3;1;0;48;2;22;11;6m▀[38;2;3;0;0;48;2;51;33;26m▀[38;2;6;2;3;48;2;36;19;15m▀[38;2;2;0;2;48;2;17;5;2m▀[38;2;5;4;6;48;2;7;1;0m▀[38;2;7;5;5;48;2;7;2;2m▀[38;2;2;1;2;48;2;12;6;10m▀[38;2;0;0;0;48;2;2;1;2m▀[38;2;1;0;1;48;2;0;0;0m▀[38;2;1;0;0;48;2;0;0;0m▀[38;2;5;3;2;48;2;0;0;0m▀[38;2;5;4;2;48;2;2;0;0m▀[38;2;12;9;6;48;2;7;3;3m▀[38;2;71;66;57;48;2;10;5;2m▀[38;2;121;117;100;48;2;66;63;47m▀[38;2;176;173;152;48;2;169;166;146m▀[38;2;176;173;156;48;2;176;172;157m▀[38;2;176;173;158;48;2;175;172;157m▀[38;2;177;176;159;48;2;177;174;159m▀[38;2;179;177;161;48;2;178;176;160m▀[38;2;180;178;162;48;2;180;178;162m▀[0m[38;2;234;196;98m║[0m
[38;2;231;191;92m║[0m[38;2;179;178;162;48;2;179;178;162m▀[38;2;179;176;161;48;2;179;176;161m▀[38;2;180;174;159;48;2;180;174;159m▀[38;2;180;171;158;48;2;180;171;158m▀[38;2;177;172;158;48;2;177;172;158m▀[38;2;175;170;156;48;2;175;170;155m▀[38;2;173;169;154;48;2;171;167;152m▀[38;2;173;169;154;48;2;171;167;152m▀[38;2;178;172;157;48;2;177;170;157m▀[38;2;148;144;130;48;2;112;107;95m▀[38;2;39;36;30;48;2;12;10;7m▀[38;2;14;12;14;48;2;0;0;0m▀[38;2;1;1;1;48;2;0;0;0m▀[38;2;0;0;0;48;2;0;0;0m▀[38;2;2;3;1;48;2;10;3;2m▀[38;2;16;11;4;48;2;53;30;20m▀[38;2;62;39;24;48;2;147;95;62m▀[38;2;86;57;39;48;2;178;119;81m▀[38;2;90;59;39;48;2;188;127;88m▀[38;2;99;64;42;48;2;196;133;91m▀[38;2;136;96;64;48;2;211;144;97m▀[38;2;131;92;58;48;2;214;149;100m▀[38;2;136;100;66;48;2;211;149;99m▀[38;2;125;92;60;48;2;209;150;99m▀[38;2;68;41;26;48;2;162;113;72m▀[38;2;42;23;21;48;2;89;53;37m▀[38;2;13;9;9;48;2;17;5;5m▀[38;2;0;0;0;48;2;6;4;3m▀[38;2;3;1;0;48;2;11;4;4m▀[38;2;1;0;0;48;2;5;0;0m▀[38;2;6;2;2;48;2;14;5;6m▀[38;2;19;13;13;48;2;19;10;10m▀[38;2;16;10;8;48;2;6;3;3m▀[38;2;49;45;32;48;2;34;30;20m▀[38;2;130;126;110;48;2;79;74;60m▀[38;2;176;172;159;48;2;166;162;152m▀[38;2;174;172;157;48;2;175;172;157m▀[38;2;176;173;157;48;2;176;173;158m▀[38;2;177;175;159;48;2;177;175;159m▀[38;2;179;177;161;48;2;179;177;161m▀[0m[38;2;231;191;92m║[0m
[38;2;228;188;87m║[0m[38;2;181;177;162;48;2;181;177;162m▀[38;2;180;176;161;48;2;180;176;161m▀[38;2;178;174;160;48;2;178;174;160m▀[38;2;178;172;158;48;2;177;172;158m▀[38;2;176;172;155;48;2;176;172;154m▀[38;2;174;170;153;48;2;174;170;152m▀[38;2;173;169;152;48;2;171;169;150m▀[38;2;171;167;150;48;2;172;169;152m▀[38;2;150;147;133;48;2;158;154;140m▀[38;2;46;44;37;48;2;38;36;29m▀[38;2;0;0;0;48;2;0;0;0m▀[38;2;0;0;0;48;2;0;0;0m▀[38;2;7;3;2;48;2;23;13;9m▀[38;2;63;37;24;48;2;110;70;46m▀[38;2;101;66;38;48;2;144;95;54m▀[38;2;144;98;67;48;2;164;107;65m▀[38;2;178;118;70;48;2;182;121;74m▀[38;2;198;133;83;48;2;200;136;89m▀[38;2;206;139;90;48;2;214;147;101m▀[38;2;215;145;97;48;2;221;153;107m▀[38;2;225;155;111;48;2;237;167;127m▀[38;2;229;158;113;48;2;233;164;122m▀[38;2;230;160;113;48;2;229;160;116m▀[38;2;231;162;115;48;2;231;162;117m▀[38;2;184;125;85;48;2;170;109;71m▀[38;2;98;58;35;48;2;114;72;46m▀[38;2;61;39;28;48;2;81;55;39m▀[38;2;45;28;19;48;2;44;21;9m▀[38;2;59;40;28;48;2;49;25;13m▀[38;2;16;6;2;48;2;19;7;3m▀[38;2;4;2;1;48;2;1;1;1m▀[38;2;13;7;5;48;2;7;2;1m▀[38;2;19;9;10;48;2;13;3;3m▀[38;2;18;8;5;48;2;11;0;0m▀[38;2;65;56;45;48;2;25;16;8m▀[38;2;160;152;139;48;2;107;98;84m▀[38;2;176;173;157;48;2;178;175;159m▀[38;2;175;173;158;48;2;176;173;158m▀[38;2;176;174;158;48;2;176;174;158m▀[38;2;177;176;159;48;2;177;176;159m▀[0m[38;2;228;188;87m║[0m
[38;2;224;184;82m║[0m[38;2;181;177;162;48;2;181;177;162m▀[38;2;179;175;160;48;2;179;175;160m▀[38;2;178;173;159;48;2;178;173;159m▀[38;2;176;172;157;48;2;176;172;157m▀[38;2;176;172;154;48;2;176;172;154m▀[38;2;174;171;152;48;2;174;170;152m▀[38;2;172;169;151;48;2;172;169;151m▀[38;2;172;168;150;48;2;171;168;149m▀[38;2;175;169;153;48;2;172;165;147m▀[38;2;81;77;67;48;2;100;92;79m▀[38;2;7;6;4;48;2;17;12;8m▀[38;2;1;1;1;48;2;1;0;0m▀[38;2;36;21;14;48;2;35;23;19m▀[38;2;119;75;48;48;2;116;76;52m▀[38;2;147;94;51;48;2;144;94;53m▀[38;2;168;108;64;48;2;169;112;70m▀[38;2;187;125;80;48;2;195;132;90m▀[38;2;204;139;95;48;2;213;148;106m▀[38;2;219;151;108;48;2;224;155;115m▀[38;2;232;163;121;48;2;239;168;129m▀[38;2;237;167;129;48;2;233;162;127m▀[38;2;229;159;121;48;2;227;157;121m▀[38;2;229;159;119;48;2;239;169;131m▀[38;2;234;165;123;48;2;241;172;134m▀[38;2;211;149;109;48;2;229;167;127m▀[38;2;119;71;41;48;2;198;143;108m▀[38;2;88;49;26;48;2;182;128;92m▀[38;2;88;50;27;48;2;178;118;76m▀[38;2;91;55;35;48;2;154;100;63m▀[38;2;56;37;30;48;2;96;66;46m▀[38;2;1;0;0;48;2;3;0;0m▀[38;2;4;1;2;48;2;0;0;0m▀[38;2;13;4;4;48;2;4;0;0m▀[38;2;14;4;3;48;2;13;3;1m▀[38;2;11;3;0;48;2;53;44;35m▀[38;2;91;82;68;48;2;148;139;125m▀[38;2;177;174;158;48;2;175;172;156m▀[38;2;175;172;157;48;2;175;172;157m▀[38;2;176;173;158;48;2;176;173;158m▀[38;2;177;176;159;48;2;177;176;159m▀[0m[38;2;224;184;82m║[0m
[38;2;221;180;77m║[0m[38;2;180;177;160;48;2;175;171;153m▀[38;2;177;174;157;48;2;172;169;151m▀[38;2;177;173;155;48;2;171;168;150m▀[38;2;175;171;154;48;2;169;166;148m▀[38;2;172;171;151;48;2;167;165;145m▀[38;2;171;169;149;48;2;166;164;143m▀[38;2;169;168;148;48;2;166;163;143m▀[38;2;169;167;146;48;2;165;162;141m▀[38;2;172;166;144;48;2;168;163;140m▀[38;2;153;146;131;48;2;119;117;105m▀[38;2;44;39;33;48;2;22;21;20m▀[38;2;1;0;0;48;2;0;0;0m▀[38;2;34;25;20;48;2;31;23;19m▀[38;2;110;75;54;48;2;89;61;46m▀[38;2;127;82;51;48;2;61;30;14m▀[38;2;113;72;42;48;2;46;25;13m▀[38;2;124;88;59;48;2;63;37;19m▀[38;2;148;110;78;48;2;77;48;24m▀[38;2;192;140;104;48;2;123;82;50m▀[38;2;231;165;127;48;2;191;134;96m▀[38;2;236;166;129;48;2;227;158;117m▀[38;2;235;167;128;48;2;225;158;110m▀[38;2;211;152;116;48;2;168;111;68m▀[38;2;156;108;82;48;2;112;68;37m▀[38;2;115;77;55;48;2;102;67;44m▀[38;2;100;67;46;48;2;117;86;65m▀[38;2;96;59;34;48;2;120;86;59m▀[38;2;130;83;49;48;2;115;70;36m▀[38;2;151;95;57;48;2;132;78;41m▀[38;2;116;78;49;48;2;129;87;55m▀[38;2;22;13;8;48;2;55;37;24m▀[38;2;0;0;0;48;2;17;5;3m▀[38;2;0;0;0;48;2;38;19;15m▀[38;2;33;27;18;48;2;64;44;31m▀[38;2;107;104;86;48;2;117;114;95m▀[38;2;164;152;140;48;2;163;156;144m▀[38;2;174;170;155;48;2;174;170;155m▀[38;2;175;172;157;48;2;175;172;157m▀[38;2;176;174;158;48;2;176;174;158m▀[38;2;177;176;159;48;2;177;176;159m▀[0m[38;2;221;180;77m║[0m
[38;2;217;177;72m║[0m[38;2;168;165;147;48;2;162;158;140m▀[38;2;165;162;143;48;2;157;154;136m▀[38;2;161;158;140;48;2;153;150;132m▀[38;2;158;155;137;48;2;151;147;129m▀[38;2;159;153;134;48;2;151;144;125m▀[38;2;159;152;133;48;2;151;144;125m▀[38;2;160;153;134;48;2;154;147;128m▀[38;2;161;155;134;48;2;156;148;128m▀[38;2;162;157;135;48;2;158;153;130m▀[38;2;54;54;46;48;2;122;119;107m▀[38;2;0;0;0;48;2;41;28;23m▀[38;2;5;1;1;48;2;90;57;46m▀[38;2;32;23;20;48;2;84;53;35m▀[38;2;87;60;42;48;2;109;74;45m▀[38;2;99;62;35;48;2;98;61;30m▀[38;2;122;85;60;48;2;77;44;22m▀[38;2;135;91;72;48;2;66;41;27m▀[38;2;140;93;70;48;2;89;60;40m▀[38;2;149;93;62;48;2;126;84;54m▀[38;2;181;112;74;48;2;141;80;46m▀[38;2;222;153;110;48;2;179;110;76m▀[38;2;229;159;109;48;2;199;126;82m▀[38;2;190;126;78;48;2;190;120;76m▀[38;2;155;102;64;48;2;161;101;66m▀[38;2;121;78;52;48;2;121;76;55m▀[38;2;110;71;46;48;2;95;55;37m▀[38;2;119;76;46;48;2;114;70;47m▀[38;2;144;91;53;48;2;134;80;48m▀[38;2;153;97;57;48;2;158;101;60m▀[38;2;139;91;57;48;2;151;99;62m▀[38;2;90;55;36;48;2;138;90;65m▀[38;2;137;93;75;48;2;205;137;108m▀[38;2;159;100;78;48;2;194;113;87m▀[38;2;119;79;61;48;2;167;116;101m▀[38;2;151;145;127;48;2;170;164;149m▀[38;2;172;171;157;48;2;168;171;155m▀[38;2;173;170;155;48;2;172;171;155m▀[38;2;175;172;157;48;2;175;172;157m▀[38;2;176;173;158;48;2;176;173;158m▀[38;2;177;176;159;48;2;177;176;159m▀[0m[38;2;217;177;72m║[0m
[38;2;214;173;66m║[0m[38;2;163;154;141;48;2;163;153;142m▀[38;2;158;150;135;48;2;159;149;135m▀[38;2;155;148;130;48;2;156;147;130m▀[38;2;152;146;125;48;2;153;146;124m▀[38;2;151;144;125;48;2;151;144;125m▀[38;2;149;142;123;48;2;149;142;123m▀[38;2;149;142;123;48;2;147;140;120m▀[38;2;149;142;122;48;2;145;137;118m▀[38;2;149;143;123;48;2;144;137;118m▀[38;2;152;144;129;48;2;147;139;123m▀[38;2;112;93;75;48;2;153;136;114m▀[38;2;123;77;55;48;2;140;92;68m▀[38;2;120;77;54;48;2;133;83;60m▀[38;2;118;84;54;48;2;131;92;60m▀[38;2;115;73;44;48;2;155;100;65m▀[38;2;111;66;39;48;2;171;109;70m▀[38;2;122;76;50;48;2;166;106;69m▀[38;2;137;85;62;48;2;166;100;67m▀[38;2;136;81;58;48;2;158;94;64m▀[38;2;123;68;43;48;2;130;75;45m▀[38;2;156;89;62;48;2;157;91;65m▀[38;2;192;111;75;48;2;204;120;88m▀[38;2;180;111;66;48;2;175;107;63m▀[38;2;192;126;85;48;2;213;145;104m▀[38;2;173;113;76;48;2;216;148;112m▀[38;2;175;114;76;48;2;210;141;102m▀[38;2;195;130;89;48;2;220;149;108m▀[38;2;207;137;93;48;2;224;152;108m▀[38;2;184;124;79;48;2;194;130;86m▀[38;2;158;106;69;48;2;160;105;68m▀[38;2;155;102;72;48;2;170;112;81m▀[38;2;199;129;98;48;2;197;125;94m▀[38;2;209;127;104;48;2;194;120;90m▀[38;2;179;137;121;48;2;179;145;123m▀[38;2;173;169;154;48;2;171;168;150m▀[38;2;171;169;153;48;2;172;169;151m▀[38;2;173;170;154;48;2;173;170;154m▀[38;2;174;172;157;48;2;175;172;157m▀[38;2;176;173;158;48;2;177;174;159m▀[38;2;178;176;160;48;2;180;178;162m▀[0m[38;2;214;173;66m║[0m
[38;2;210;170;61m║[0m[38;2;162;152;141;48;2;162;152;141m▀[38;2;159;149;135;48;2;160;150;136m▀[38;2;157;148;131;48;2;157;148;131m▀[38;2;154;147;125;48;2;154;147;125m▀[38;2;152;145;125;48;2;150;143;123m▀[38;2;148;141;122;48;2;145;138;119m▀[38;2;145;138;118;48;2;143;134;115m▀[38;2;142;134;116;48;2;140;132;113m▀[38;2;139;133;114;48;2;135;129;111m▀[38;2;143;134;118;48;2;136;128;112m▀[38;2;144;126;105;48;2;144;127;105m▀[38;2;137;89;65;48;2;136;88;64m▀[38;2;134;79;55;48;2;120;68;48m▀[38;2;135;90;57;48;2;124;83;55m▀[38;2;162;101;65;48;2;154;97;66m▀[38;2;177;110;71;48;2;172;109;75m▀[38;2;175;110;72;48;2;175;113;81m▀[38;2;182;110;77;48;2;181;112;85m▀[38;2;168;99;68;48;2;171;104;79m▀[38;2;134;74;43;48;2;126;68;43m▀[38;2;152;84;60;48;2;161;93;72m▀[38;2;205;121;92;48;2;225;141;114m▀[38;2;170;102;61;48;2;180;112;73m▀[38;2;210;140;102;48;2;197;127;91m▀[38;2;230;155;121;48;2;232;151;119m▀[38;2;221;147;110;48;2;216;141;104m▀[38;2;222;148;108;48;2;219;148;106m▀[38;2;222;150;107;48;2;209;142;97m▀[38;2;196;132;90;48;2;179;122;80m▀[38;2;155;99;64;48;2;141;95;57m▀[38;2;163;105;73;48;2;186;137;101m▀[38;2;195;126;92;48;2;209;151;114m▀[38;2;188;133;99;48;2;179;148;124m▀[38;2;178;156;132;48;2;170;163;149m▀[38;2;169;168;150;48;2;165;167;155m▀[38;2;171;170;151;48;2;172;170;152m▀[38;2;173;170;154;48;2;174;171;155m▀[38;2;175;172;157;48;2;176;173;158m▀[38;2;177;175;159;48;2;178;176;160m▀[38;2;180;178;162;48;2;181;179;163m▀[0m[38;2;210;170;61m║[0m
[38;2;207;166;56m║[0m[38;2;165;155;143;48;2;164;154;143m▀[38;2;161;151;138;48;2;160;150;137m▀[38;2;157;148;131;48;2;155;146;129m▀[38;2;152;145;123;48;2;147;140;117m▀[38;2;146;138;119;48;2;141;133;113m▀[38;2;142;134;115;48;2;136;129;110m▀[38;2;139;131;112;48;2;135;128;109m▀[38;2;136;128;110;48;2;132;125;106m▀[38;2;134;126;108;48;2;131;121;104m▀[38;2;133;123;107;48;2;129;118;101m▀[38;2;136;123;105;48;2;128;117;100m▀[38;2;133;108;88;48;2;132;121;103m▀[38;2;133;91;68;48;2;139;113;93m▀[38;2;120;81;55;48;2;129;100;80m▀[38;2;139;91;61;48;2;127;87;59m▀[38;2;165;108;72;48;2;154;100;62m▀[38;2;174;114;80;48;2;172;109;75m▀[38;2;184;117;84;48;2;187;124;87m▀[38;2;175;109;81;48;2;177;117;86m▀[38;2;139;78;58;48;2;137;82;61m▀[38;2;147;89;68;48;2;136;86;58m▀[38;2;198;132;105;48;2;162;108;78m▀[38;2;169;102;68;48;2;151;94;61m▀[38;2;196;126;90;48;2;158;103;68m▀[38;2;230;152;120;48;2;201;140;104m▀[38;2;213;135;99;48;2;209;142;102m▀[38;2;213;143;100;48;2;192;127;83m▀[38;2;194;134;89;48;2;177;121;77m▀[38;2;163;108;68;48;2;155;103;65m▀[38;2;141;105;72;48;2;144;113;85m▀[38;2;176;151;125;48;2;169;155;137m▀[38;2;181;156;131;48;2;166;157;140m▀[38;2;169;162;144;48;2;165;162;146m▀[38;2;166;165;151;48;2;167;165;149m▀[38;2;167;167;153;48;2;169;167;151m▀[38;2;171;169;153;48;2;171;169;153m▀[38;2;174;172;156;48;2;174;172;156m▀[38;2;177;175;159;48;2;178;175;160m▀[38;2;180;178;162;48;2;180;178;162m▀[38;2;182;180;164;48;2;182;180;164m▀[0m[38;2;207;166;56m║[0m
[38;2;203;162;51m║[0m[38;2;161;151;140;48;2;158;148;136m▀[38;2;156;147;133;48;2;152;143;129m▀[38;2;151;143;125;48;2;145;137;120m▀[38;2;142;134;112;48;2;139;131;109m▀[38;2;138;130;111;48;2;135;128;109m▀[38;2;134;127;108;48;2;132;125;106m▀[38;2;132;125;106;48;2;130;123;104m▀[38;2;129;121;102;48;2;128;119;100m▀[38;2;128;118;100;48;2;126;115;98m▀[38;2;126;115;98;48;2;123;112;95m▀[38;2;124;113;96;48;2;123;111;94m▀[38;2;126;115;98;48;2;124;114;96m▀[38;2;130;120;107;48;2;124;120;103m▀[38;2;133;118;104;48;2;131;123;107m▀[38;2;122;91;67;48;2;119;94;74m▀[38;2;135;85;52;48;2;125;81;53m▀[38;2;155;95;65;48;2;133;81;53m▀[38;2;166;111;78;48;2;116;72;38m▀[38;2;129;79;51;48;2;99;57;30m▀[38;2;107;58;40;48;2;110;61;48m▀[38;2;148;93;66;48;2;140;74;60m▀[38;2;183;123;95;48;2;162;84;71m▀[38;2;154;98;70;48;2;151;76;61m▀[38;2;120;76;43;48;2;128;70;48m▀[38;2;122;76;41;48;2;126;74;46m▀[38;2;175;120;78;48;2;151;92;52m▀[38;2;183;123;79;48;2;176;115;72m▀[38;2;163;107;67;48;2;157;99;64m▀[38;2;148;100;64;48;2;142;98;63m▀[38;2;142;118;91;48;2;146;126;100m▀[38;2;163;155;136;48;2;159;157;139m▀[38;2;163;158;142;48;2;158;159;142m▀[38;2;164;161;145;48;2;162;161;144m▀[38;2;166;164;148;48;2;165;163;147m▀[38;2;169;167;151;48;2;169;167;151m▀[38;2;172;170;154;48;2;172;170;154m▀[38;2;175;172;157;48;2;175;172;157m▀[38;2;178;176;160;48;2;178;176;160m▀[38;2;181;179;163;48;2;181;179;163m▀[38;2;183;181;165;48;2;185;183;167m▀[0m[38;2;203;162;51m║[0m
[38;2;199;158;47m║[0m[38;2;153;144;130;48;2;149;140;125m▀[38;2;149;139;125;48;2;146;136;121m▀[38;2;143;133;117;48;2;141;131;116m▀[38;2;135;127;110;48;2;133;124;109m▀[38;2;132;123;107;48;2;128;119;105m▀[38;2;129;120;104;48;2;126;116;101m▀[38;2;128;119;102;48;2;123;113;98m▀[38;2;125;116;99;48;2;119;110;95m▀[38;2;123;112;97;48;2;119;110;95m▀[38;2;120;111;95;48;2;119;110;95m▀[38;2;121;111;96;48;2;121;111;96m▀[38;2;124;114;98;48;2;124;114;99m▀[38;2;127;120;102;48;2;126;119;102m▀[38;2;128;123;109;48;2;126;122;110m▀[38;2;119;101;84;48;2;129;115;100m▀[38;2;115;78;51;48;2;107;76;52m▀[38;2;122;78;47;48;2;115;74;48m▀[38;2;145;96;60;48;2;145;95;60m▀[38;2;137;81;49;48;2;158;98;62m▀[38;2;120;56;40;48;2;162;98;71m▀[38;2;145;65;56;48;2;169;101;76m▀[38;2;160;75;65;48;2;154;87;59m▀[38;2;167;86;68;48;2;181;114;78m▀[38;2;164;93;63;48;2;194;127;81m▀[38;2;178;116;76;48;2;195;131;80m▀[38;2;184;123;79;48;2;176;118;72m▀[38;2;162;102;61;48;2;146;94;60m▀[38;2;148;92;62;48;2;132;85;63m▀[38;2;133;97;67;48;2;141;113;88m▀[38;2;151;141;117;48;2;156;152;131m▀[38;2;156;155;138;48;2;156;152;137m▀[38;2;158;157;141;48;2;159;156;137m▀[38;2;162;160;143;48;2;160;159;142m▀[38;2;164;162;146;48;2;163;161;145m▀[38;2;168;166;150;48;2;166;164;148m▀[38;2;171;169;153;48;2;170;168;152m▀[38;2;174;173;158;48;2;173;174;157m▀[38;2;177;177;161;48;2;179;180;164m▀[38;2;181;180;166;48;2;184;184;171m▀[38;2;185;185;173;48;2;186;186;176m▀[0m[38;2;199;158;47m║[0m
[38;2;193;152;45m║[0m[38;2;147;138;123;48;2;145;134;120m▀[38;2;143;133;118;48;2;141;131;116m▀[38;2;139;129;114;48;2;136;127;112m▀[38;2;133;124;109;48;2;132;122;108m▀[38;2;128;118;103;48;2;127;117;102m▀[38;2;124;114;99;48;2;123;113;98m▀[38;2;120;111;96;48;2;119;110;95m▀[38;2;118;109;94;48;2;117;108;93m▀[38;2;117;108;93;48;2;118;108;93m▀[38;2;118;109;94;48;2;121;112;96m▀[38;2;123;113;98;48;2;125;115;100m▀[38;2;125;115;100;48;2;126;116;101m▀[38;2;125;119;102;48;2;124;119;102m▀[38;2;125;121;108;48;2;125;121;107m▀[38;2;137;127;114;48;2;161;155;141m▀[38;2;108;87;69;48;2;164;151;138m▀[38;2;101;63;46;48;2;102;70;51m▀[38;2;120;77;47;48;2;102;67;38m▀[38;2;143;92;56;48;2;128;85;50m▀[38;2;165;106;72;48;2;155;99;65m▀[38;2;176;113;76;48;2;177;110;74m▀[38;2;178;113;73;48;2;202;134;93m▀[38;2;200;133;90;48;2;205;138;96m▀[38;2;200;132;87;48;2;194;128;91m▀[38;2;184;124;77;48;2;161;108;76m▀[38;2;153;104;64;48;2;124;85;56m▀[38;2;125;85;57;48;2;108;77;49m▀[38;2;117;81;60;48;2;123;91;63m▀[38;2;146;127;106;48;2;147;134;117m▀[38;2;153;151;134;48;2;151;151;137m▀[38;2;156;151;136;48;2;156;150;137m▀[38;2;157;155;135;48;2;157;155;134m▀[38;2;159;158;141;48;2;159;158;141m▀[38;2;162;160;144;48;2;162;160;144m▀[38;2;166;164;148;48;2;166;164;148m▀[38;2;168;166;150;48;2;168;166;150m▀[38;2;171;172;155;48;2;171;172;155m▀[38;2;180;180;165;48;2;180;180;165m▀[38;2;185;185;172;48;2;185;185;172m▀[38;2;186;186;177;48;2;186;186;177m▀[0m[38;2;193;152;45m║[0m
[38;2;187;147;42m║[0m[38;2;141;134;118;48;2;136;132;117m▀[38;2;136;130;115;48;2;132;128;113m▀[38;2;132;126;111;48;2;128;124;109m▀[38;2;128;121;106;48;2;124;119;104m▀[38;2;125;115;101;48;2;122;113;100m▀[38;2;120;111;97;48;2;117;108;95m▀[38;2;120;110;97;48;2;121;111;99m▀[38;2;119;110;96;48;2;123;114;100m▀[38;2;121;114;100;48;2;123;118;103m▀[38;2;124;117;103;48;2;124;119;105m▀[38;2;124;117;103;48;2;124;119;105m▀[38;2;126;119;104;48;2;124;120;106m▀[38;2;124;120;105;48;2;129;127;112m▀[38;2;150;147;134;48;2;183;180;168m▀[38;2;184;180;170;48;2;197;194;186m▀[38;2;206;200;191;48;2;214;212;206m▀[38;2;170;150;135;48;2;220;215;207m▀[38;2;106;68;47;48;2;176;152;136m▀[38;2;118;70;41;48;2;119;78;52m▀[38;2;130;85;52;48;2;117;71;40m▀[38;2;159;101;69;48;2;118;79;50m▀[38;2;180;121;86;48;2;121;83;52m▀[38;2;174;118;81;48;2;122;86;51m▀[38;2;158;105;69;48;2;123;86;49m▀[38;2;125;85;56;48;2;133;89;51m▀[38;2;111;77;50;48;2;142;100;65m▀[38;2;117;85;57;48;2;130;94;63m▀[38;2;128;98;69;48;2;136;108;82m▀[38;2;149;142;125;48;2;147;144;127m▀[38;2;151;150;136;48;2;149;147;131m▀[38;2;154;151;136;48;2;151;149;133m▀[38;2;157;154;137;48;2;154;152;136m▀[38;2;159;158;141;48;2;157;154;139m▀[38;2;162;160;144;48;2;160;158;142m▀[38;2;165;163;147;48;2;163;161;145m▀[38;2;169;167;151;48;2;167;164;148m▀[38;2;175;172;156;48;2;177;171;156m▀[38;2;182;179;165;48;2;182;178;164m▀[38;2;186;184;172;48;2;187;183;171m▀[38;2;186;186;177;48;2;186;185;176m▀[0m[38;2;187;147;42m║[0m
[38;2;181;141;40m║[0m[38;2;132;128;113;48;2;129;125;110m▀[38;2;129;125;110;48;2;126;121;107m▀[38;2;124;120;105;48;2;122;117;103m▀[38;2;121;116;101;48;2;119;114;99m▀[38;2;120;111;98;48;2;118;110;96m▀[38;2;117;108;95;48;2;117;108;95m▀[38;2;121;111;98;48;2;120;110;97m▀[38;2;125;115;102;48;2;124;114;101m▀[38;2;124;119;104;48;2;123;117;103m▀[38;2;123;118;104;48;2;120;116;101m▀[38;2;123;119;104;48;2;135;131;116m▀[38;2;129;125;110;48;2;165;161;146m▀[38;2;154;151;137;48;2;217;215;200m▀[38;2;204;201;189;48;2;236;233;221m▀[38;2;212;208;201;48;2;228;225;217m▀[38;2;224;221;215;48;2;235;232;226m▀[38;2;224;228;222;48;2;235;236;231m▀[38;2;233;234;221;48;2;237;239;235m▀[38;2;200;178;159;48;2;249;244;235m▀[38;2;154;106;85;48;2;216;198;181m▀[38;2;134;92;59;48;2;168;128;93m▀[38;2;132;90;54;48;2;155;108;71m▀[38;2;146;101;63;48;2;159;105;68m▀[38;2;177;128;89;48;2;173;115;76m▀[38;2;188;131;87;48;2;183;131;90m▀[38;2;154;106;66;48;2;142;99;63m▀[38;2;126;90;57;48;2;123;91;64m▀[38;2;148;122;97;48;2;128;106;86m▀[38;2;156;152;135;48;2;173;170;154m▀[38;2;146;144;128;48;2;145;144;128m▀[38;2;150;148;132;48;2;147;146;130m▀[38;2;152;150;134;48;2;150;148;132m▀[38;2;153;151;135;48;2;152;150;134m▀[38;2;156;154;138;48;2;154;152;136m▀[38;2;160;158;142;48;2;157;155;140m▀[38;2;165;163;147;48;2;164;161;145m▀[38;2;175;169;154;48;2;172;166;151m▀[38;2;181;177;163;48;2;176;172;158m▀[38;2;185;183;171;48;2;182;179;167m▀[38;2;185;185;176;48;2;184;184;175m▀[0m[38;2;181;141;40m║[0m
[38;2;174;135;38m║[0m[38;2;127;123;108;48;2;123;118;104m▀[38;2;124;119;105;48;2;120;116;101m▀[38;2;120;115;101;48;2;116;112;97m▀[38;2;117;113;98;48;2;113;109;94m▀[38;2;115;109;94;48;2;110;107;92m▀[38;2;113;107;93;48;2;108;104;89m▀[38;2;116;109;95;48;2;118;114;99m▀[38;2;119;113;99;48;2;143;139;124m▀[38;2;126;121;106;48;2;162;158;143m▀[38;2;153;149;134;48;2;201;197;182m▀[38;2;185;181;166;48;2;227;223;208m▀[38;2;213;208;194;48;2;229;224;210m▀[38;2;237;231;221;48;2;234;225;216m▀[38;2;243;237;230;48;2;237;230;224m▀[38;2;241;237;232;48;2;240;236;231m▀[38;2;242;239;234;48;2;247;246;241m▀[38;2;243;242;236;48;2;248;247;241m▀[38;2;244;243;238;48;2;249;247;241m▀[38;2;248;248;242;48;2;254;253;247m▀[38;2;249;249;240;48;2;251;250;244m▀[38;2;229;215;198;48;2;253;249;243m▀[38;2;169;136;105;48;2;238;224;208m▀[38;2;157;110;71;48;2;176;143;114m▀[38;2;154;105;68;48;2;151;111;76m▀[38;2;149;102;66;48;2;147;103;69m▀[38;2;133;97;61;48;2;137;100;65m▀[38;2;118;92;65;48;2;111;85;57m▀[38;2;120;99;84;48;2;131;110;96m▀[38;2;180;170;157;48;2;180;165;154m▀[38;2;156;153;137;48;2;178;174;159m▀[38;2;144;142;126;48;2;141;140;124m▀[38;2;149;146;130;48;2;149;144;129m▀[38;2;150;148;132;48;2;149;147;131m▀[38;2;153;151;135;48;2;153;151;135m▀[38;2;157;155;139;48;2;156;154;138m▀[38;2;162;160;144;48;2;161;159;143m▀[38;2;167;164;148;48;2;165;164;148m▀[38;2;170;167;152;48;2;168;166;150m▀[38;2;177;174;160;48;2;172;170;154m▀[38;2;182;181;167;48;2;178;176;160m▀[0m[38;2;174;135;38m║[0m
[38;2;168;129;35m║[0m[38;2;118;114;99;48;2;114;110;95m▀[38;2;116;112;97;48;2;112;108;93m▀[38;2;113;109;94;48;2;112;108;93m▀[38;2;110;106;91;48;2;121;117;102m▀[38;2;113;109;94;48;2;139;135;120m▀[38;2;126;121;107;48;2;152;148;133m▀[38;2;145;141;126;48;2;183;179;164m▀[38;2;176;172;157;48;2;211;207;192m▀[38;2;197;193;178;48;2;217;213;198m▀[38;2;221;217;202;48;2;218;214;199m▀[38;2;225;220;205;48;2;219;215;200m▀[38;2;233;228;214;48;2;229;225;210m▀[38;2;239;231;219;48;2;243;237;221m▀[38;2;242;238;227;48;2;236;232;218m▀[38;2;242;238;231;48;2;246;244;233m▀[38;2;245;245;240;48;2;245;245;237m▀[38;2;253;252;246;48;2;254;253;248m▀[38;2;251;250;244;48;2;251;250;243m▀[38;2;252;251;245;48;2;248;247;240m▀[38;2;253;251;245;48;2;251;250;244m▀[38;2;249;248;241;48;2;249;252;245m▀[38;2;250;253;248;48;2;245;247;239m▀[38;2;244;239;229;48;2;254;254;243m▀[38;2;172;148;124;48;2;236;229;213m▀[38;2;140;102;73;48;2;153;124;101m▀[38;2;135;95;65;48;2;135;92;67m▀[38;2;103;70;46;48;2;96;56;35m▀[38;2;135;113;98;48;2;152;129;113m▀[38;2;191;176;166;48;2;207;193;181m▀[38;2;203;199;184;48;2;212;207;192m▀[38;2;146;145;129;48;2;172;171;155m▀[38;2;147;142;127;48;2;159;154;139m▀[38;2;148;146;130;48;2;149;147;131m▀[38;2;152;150;134;48;2;150;148;132m▀[38;2;156;153;138;48;2;153;151;135m▀[38;2;159;157;141;48;2;156;154;138m▀[38;2;163;161;145;48;2;159;157;141m▀[38;2;166;164;148;48;2;163;161;145m▀[38;2;170;168;152;48;2;168;166;150m▀[38;2;175;173;157;48;2;172;170;154m▀[0m[38;2;168;129;35m║[0m
[38;2;162;124;33m║[0m[38;2;110;106;91;48;2;116;111;97m▀[38;2;111;107;92;48;2;134;130;115m▀[38;2;137;132;118;48;2;165;161;146m▀[38;2;156;151;137;48;2;173;169;154m▀[38;2;160;155;140;48;2;194;190;175m▀[38;2;186;182;167;48;2;209;205;190m▀[38;2;211;206;192;48;2;210;206;191m▀[38;2;218;214;199;48;2;216;211;197m▀[38;2;223;219;204;48;2;219;215;200m▀[38;2;228;224;209;48;2;221;217;202m▀[38;2;224;220;205;48;2;226;222;207m▀[38;2;223;219;204;48;2;225;220;206m▀[38;2;234;229;213;48;2;222;218;203m▀[38;2;234;230;215;48;2;230;225;211m▀[38;2;233;230;216;48;2;230;226;211m▀[38;2;250;248;235;48;2;234;230;216m▀[38;2;252;251;245;48;2;243;241;233m▀[38;2;255;255;251;48;2;250;249;245m▀[38;2;251;249;243;48;2;255;255;251m▀[38;2;247;247;239;48;2;251;250;243m▀[38;2;246;250;242;48;2;246;248;239m▀[38;2;249;247;239;48;2;246;246;241m▀[38;2;239;235;221;48;2;230;226;219m▀[38;2;229;226;206;48;2;229;226;207m▀[38;2;212;195;173;48;2;200;181;159m▀[38;2;135;92;68;48;2;125;84;56m▀[38;2;96;55;37;48;2;116;83;67m▀[38;2;176;155;140;48;2;186;169;158m▀[38;2;196;187;173;48;2;203;199;184m▀[38;2;214;210;195;48;2;217;213;198m▀[38;2;189;186;171;48;2;187;182;168m▀[38;2;171;166;151;48;2;168;164;149m▀[38;2;167;164;148;48;2;169;165;150m▀[38;2;153;150;135;48;2;169;165;150m▀[38;2;151;148;133;48;2;162;157;142m▀[38;2;155;152;137;48;2;157;152;138m▀[38;2;160;157;142;48;2;160;155;142m▀[38;2;163;160;145;48;2;163;158;145m▀[38;2;166;163;148;48;2;165;161;147m▀[38;2;169;166;151;48;2;168;164;150m▀[0m[38;2;162;124;33m║[0m
[38;2;156;118;30m║[0m[38;2;154;150;136;48;2;185;179;170m▀[38;2;167;163;150;48;2;197;192;182m▀[38;2;185;181;168;48;2;223;218;209m▀[38;2;208;204;191;48;2;237;232;222m▀[38;2;213;209;194;48;2;228;224;209m▀[38;2;211;207;192;48;2;227;222;208m▀[38;2;219;215;200;48;2;228;223;209m▀[38;2;223;219;204;48;2;230;225;210m▀[38;2;225;220;205;48;2;228;223;209m▀[38;2;229;225;210;48;2;232;228;213m▀[38;2;232;227;212;48;2;235;231;216m▀[38;2;236;232;217;48;2;238;234;219m▀[38;2;234;230;215;48;2;240;236;221m▀[38;2;234;230;215;48;2;241;237;222m▀[38;2;233;229;214;48;2;241;237;222m▀[38;2;231;227;213;48;2;239;235;220m▀[38;2;230;227;216;48;2;241;235;222m▀[38;2;231;227;218;48;2;233;227;215m▀[38;2;251;251;243;48;2;239;234;222m▀[38;2;255;255;246;48;2;252;249;236m▀[38;2;252;250;239;48;2;251;249;231m▀[38;2;245;243;239;48;2;249;246;238m▀[38;2;240;238;234;48;2;246;246;241m▀[38;2;245;242;232;48;2;251;251;243m▀[38;2;187;161;141;48;2;181;156;141m▀[38;2;129;96;71;48;2;198;177;156m▀[38;2;199;180;168;48;2;231;227;214m▀[38;2;203;192;185;48;2;220;214;204m▀[38;2;225;220;206;48;2;207;202;187m▀[38;2;196;192;177;48;2;180;176;161m▀[38;2;173;169;154;48;2;183;178;163m▀[38;2;170;166;151;48;2;178;173;159m▀[38;2;171;167;152;48;2;178;173;159m▀[38;2;168;164;149;48;2;174;170;155m▀[38;2;165;161;146;48;2;170;166;151m▀[38;2;160;156;141;48;2;165;161;146m▀[38;2;158;153;140;48;2;159;154;141m▀[38;2;161;157;143;48;2;160;156;142m▀[38;2;164;160;146;48;2;163;159;145m▀[38;2;167;163;149;48;2;165;161;147m▀[0m[38;2;156;118;30m║[0m
[38;2;150;112;28m╚════════════════════════════════════════╝[0m
