[38;2;255;226;140m╔════════════════════════════════════════╗[0m
[38;2;252;222;134m║[0m[38;2;198;196;180;48;2;198;196;180m▀[38;2;198;196;180;48;2;198;196;180m▀[38;2;198;196;180;48;2;198;196;180m▀[38;2;198;196;180;48;2;198;196;180m▀[38;2;198;196;180;48;2;198;196;180m▀[38;2;198;196;180;48;2;198;196;180m▀[38;2;198;196;180;48;2;198;196;180m▀[38;2;198;196;180;48;2;198;196;180m▀[38;2;197;195;179;48;2;197;195;179m▀[38;2;197;195;179;48;2;197;195;179m▀[38;2;198;196;180;48;2;198;196;180m▀[38;2;198;196;180;48;2;198;196;180m▀[38;2;198;196;180;48;2;198;196;180m▀[38;2;198;196;180;48;2;198;196;180m▀[38;2;198;196;180;48;2;198;196;180m▀[38;2;198;196;180;48;2;198;196;180m▀[38;2;199;197;181;48;2;199;197;181m▀[38;2;199;197;181;48;2;199;197;181m▀[38;2;199;197;181;48;2;199;197;181m▀[38;2;199;197;181;48;2;199;197;181m▀[38;2;199;197;181;48;2;199;197;181m▀[38;2;199;197;181;48;2;199;197;181m▀[38;2;200;198;182;48;2;200;198;182m▀[38;2;200;198;182;48;2;200;198;182m▀[38;2;200;198;182;48;2;200;198;182m▀[38;2;200;198;182;48;2;200;198;182m▀[38;2;201;199;183;48;2;201;199;183m▀[38;2;201;199;183;48;2;201;199;183m▀[38;2;202;200;184;48;2;202;200;184m▀[38;2;202;200;184;48;2;202;200;184m▀[38;2;202;200;184;48;2;202;200;184m▀[38;2;202;200;184;48;2;202;200;184m▀[38;2;202;200;184;48;2;202;200;184m▀[38;2;202;200;184;48;2;202;200;184m▀[38;2;202;200;184;48;2;202;200;184m▀[38;2;202;200;184;48;2;202;200;184m▀[38;2;202;200;185;48;2;202;200;185m▀[38;2;202;200;185;48;2;202;200;185m▀[38;2;203;201;186;48;2;203;201;186m▀[38;2;203;201;186;48;2;203;201;186m▀[0m[38;2;252;222;134m║[0m
[38;2;249;217;128m║[0m[38;2;198;196;180;48;2;198;196;180m▀[38;2;198;196;180;48;2;198;196;180m▀[38;2;198;196;180;48;2;198;196;180m▀[38;2;198;196;180;48;2;198;196;180m▀[38;2;198;196;180;48;2;198;196;180m▀[38;2;198;196;180;48;2;198;196;180m▀[38;2;198;196;180;48;2;198;196;180m▀[38;2;198;196;180;48;2;198;196;180m▀[38;2;198;196;180;48;2;198;196;180m▀[38;2;198;196;180;48;2;198;196;180m▀[38;2;198;196;180;48;2;198;196;180m▀[38;2;198;196;180;48;2;198;196;180m▀[38;2;198;196;180;48;2;198;196;180m▀[38;2;198;196;180;48;2;198;196;180m▀[38;2;198;196;180;48;2;198;196;180m▀[38;2;198;196;180;48;2;198;196;180m▀[38;2;199;197;181;48;2;198;197;181m▀[38;2;199;197;181;48;2;199;198;181m▀[38;2;199;197;181;48;2;199;197;181m▀[38;2;199;197;181;48;2;199;197;181m▀[38;2;199;197;181;48;2;199;197;181m▀[38;2;199;197;181;48;2;199;197;181m▀[38;2;199;197;181;48;2;199;197;181m▀[38;2;199;197;181;48;2;199;197;181m▀[38;2;200;198;182;48;2;200;198;182m▀[38;2;200;198;182;48;2;200;198;182m▀[38;2;201;199;183;48;2;201;199;183m▀[38;2;201;199;183;48;2;201;199;183m▀[38;2;202;200;184;48;2;202;200;184m▀[38;2;202;200;184;48;2;202;200;184m▀[38;2;202;200;184;48;2;202;200;184m▀[38;2;202;200;184;48;2;202;200;184m▀[38;2;202;200;184;48;2;202;200;184m▀[38;2;202;200;184;48;2;202;200;184m▀[38;2;202;200;184;48;2;202;200;184m▀[38;2;202;200;184;48;2;202;200;184m▀[38;2;203;201;186;48;2;203;201;186m▀[38;2;203;201;186;48;2;203;201;186m▀[38;2;203;201;186;48;2;203;201;186m▀[38;2;203;201;186;48;2;203;201;186m▀[0m[38;2;249;217;128m║[0m
[38;2;246;213;122m║[0m[38;2;199;197;181;48;2;199;197;181m▀[38;2;199;197;181;48;2;199;197;181m▀[38;2;199;197;181;48;2;199;197;181m▀[38;2;199;197;181;48;2;199;197;181m▀[38;2;198;196;180;48;2;198;196;180m▀[38;2;198;196;180;48;2;198;196;180m▀[38;2;198;196;180;48;2;198;196;180m▀[38;2;198;196;180;48;2;198;196;180m▀[38;2;198;196;180;48;2;198;196;180m▀[38;2;198;196;180;48;2;198;196;180m▀[38;2;198;196;180;48;2;198;196;180m▀[38;2;198;196;180;48;2;198;196;180m▀[38;2;198;195;182;48;2;197;197;181m▀[38;2;199;196;182;48;2;195;196;179m▀[38;2;199;198;181;48;2;192;193;173m▀[38;2;195;196;178;48;2;193;193;171m▀[38;2;196;197;180;48;2;192;185;165m▀[38;2;198;198;182;48;2;181;172;153m▀[38;2;199;198;181;48;2;180;172;154m▀[38;2;201;199;182;48;2;176;169;151m▀[38;2;199;198;181;48;2;175;168;149m▀[38;2;197;197;179;48;2;178;171;152m▀[38;2;197;196;179;48;2;191;184;165m▀[38;2;199;198;180;48;2;203;198;178m▀[38;2;199;198;180;48;2;200;201;179m▀[38;2;200;198;182;48;2;199;200;181m▀[38;2;201;199;184;48;2;199;200;184m▀[38;2;202;198;185;48;2;199;199;184m▀[38;2;201;199;183;48;2;201;199;183m▀[38;2;201;199;183;48;2;201;199;183m▀[38;2;202;200;184;48;2;202;200;184m▀[38;2;202;200;184;48;2;202;200;184m▀[38;2;202;200;184;48;2;202;200;184m▀[38;2;202;200;184;48;2;202;200;184m▀[38;2;203;201;185;48;2;203;201;185m▀[38;2;203;201;185;48;2;203;201;185m▀[38;2;203;201;185;48;2;203;201;185m▀[38;2;203;201;185;48;2;203;201;185m▀[38;2;203;201;185;48;2;203;201;185m▀[38;2;205;203;187;48;2;205;203;187m▀[0m[38;2;246;213;122m║[0m
[38;2;243;209;116m║[0m[38;2;199;197;181;48;2;199;197;181m▀[38;2;199;197;181;48;2;199;197;181m▀[38;2;199;197;181;48;2;199;197;181m▀[38;2;199;197;181;48;2;199;197;181m▀[38;2;198;196;180;48;2;198;196;180m▀[38;2;198;196;180;48;2;198;196;180m▀[38;2;198;196;180;48;2;198;196;180m▀[38;2;198;196;180;48;2;198;196;180m▀[38;2;198;196;180;48;2;198;196;180m▀[38;2;198;196;180;48;2;198;196;180m▀[38;2;198;196;180;48;2;201;199;182m▀[38;2;200;198;182;48;2;190;188;170m▀[38;2;196;195;177;48;2;151;142;123m▀[38;2;191;187;167;48;2;112;95;76m▀[38;2;174;166;143;48;2;82;59;39m▀[38;2;133;120;98;48;2;66;37;18m▀[38;2;97;79;60;48;2;49;30;17m▀[38;2;75;59;43;48;2;24;12;6m▀[38;2;89;77;65;48;2;6;3;1m▀[38;2;72;64;56;48;2;0;0;0m▀[38;2;55;48;41;48;2;0;0;0m▀[38;2;67;58;49;48;2;0;0;0m▀[38;2;80;72;62;48;2;0;0;0m▀[38;2;93;83;72;48;2;2;0;0m▀[38;2;134;126;104;48;2;46;26;13m▀[38;2;179;175;153;48;2;92;74;55m▀[38;2;197;197;179;48;2;153;144;125m▀[38;2;198;201;184;48;2;199;195;177m▀[38;2;201;199;183;48;2;202;200;183m▀[38;2;201;199;183;48;2;201;199;183m▀[38;2;202;200;184;48;2;202;200;184m▀[38;2;202;200;184;48;2;202;200;184m▀[38;2;203;201;185;48;2;203;201;185m▀[38;2;203;201;185;48;2;203;201;185m▀[38;2;203;201;185;48;2;203;201;185m▀[38;2;203;201;185;48;2;203;201;185m▀[38;2;203;201;185;48;2;203;201;185m▀[38;2;203;201;185;48;2;203;201;185m▀[38;2;204;202;186;48;2;204;202;186m▀[38;2;204;202;186;48;2;204;202;186m▀[0m[38;2;243;209;116m║[0m
[38;2;240;204;110m║[0m[38;2;199;197;181;48;2;199;197;181m▀[38;2;199;197;181;48;2;199;197;181m▀[38;2;199;197;181;48;2;199;197;181m▀[38;2;199;197;181;48;2;199;197;181m▀[38;2;198;196;180;48;2;198;196;180m▀[38;2;198;196;180;48;2;198;196;180m▀[38;2;198;196;180;48;2;198;196;180m▀[38;2;198;196;180;48;2;198;197;180m▀[38;2;196;198;181;48;2;197;198;181m▀[38;2;201;200;182;48;2;187;185;167m▀[38;2;183;178;157;48;2;93;85;67m▀[38;2;97;88;65;48;2;36;22;5m▀[38;2;62;41;23;48;2;40;20;8m▀[38;2;57;33;16;48;2;42;21;8m▀[38;2;60;35;18;48;2;39;19;6m▀[38;2;61;36;20;48;2;43;22;9m▀[38;2;40;21;15;48;2;39;21;11m▀[38;2;7;0;0;48;2;40;25;16m▀[38;2;0;0;0;48;2;46;36;27m▀[38;2;4;4;3;48;2;32;24;19m▀[38;2;4;3;3;48;2;11;7;5m▀[38;2;0;0;0;48;2;0;0;0m▀[38;2;0;0;0;48;2;0;0;0m▀[38;2;0;0;0;48;2;0;0;0m▀[38;2;4;0;0;48;2;0;0;0m▀[38;2;31;16;7;48;2;3;1;0m▀[38;2;74;56;37;48;2;39;26;13m▀[38;2;150;139;116;48;2;70;56;35m▀[38;2;200;198;175;48;2;175;169;146m▀[38;2;198;202;181;48;2;202;203;182m▀[38;2;199;201;183;48;2;199;201;183m▀[38;2;204;198;185;48;2;203;199;185m▀[38;2;203;199;184;48;2;202;200;184m▀[38;2;202;200;184;48;2;202;200;184m▀[38;2;203;201;185;48;2;203;201;185m▀[38;2;203;201;185;48;2;203;201;185m▀[38;2;202;203;186;48;2;202;203;186m▀[38;2;202;203;186;48;2;202;203;186m▀[38;2;202;203;186;48;2;202;203;186m▀[38;2;203;204;187;48;2;203;204;187m▀[0m[38;2;240;204;110m║[0m
[38;2;237;200;104m║[0m[38;2;199;197;181;48;2;199;197;181m▀[38;2;199;197;181;48;2;199;197;181m▀[38;2;199;197;181;48;2;199;197;181m▀[38;2;199;197;181;48;2;199;197;181m▀[38;2;198;196;180;48;2;198;196;180m▀[38;2;198;196;180;48;2;198;196;180m▀[38;2;197;195;179;48;2;197;195;179m▀[38;2;197;196;180;48;2;200;197;181m▀[38;2;199;198;180;48;2;182;179;161m▀[38;2;129;123;108;48;2;50;43;31m▀[38;2;36;23;12;48;2;17;1;0m▀[38;2;27;9;3;48;2;18;0;0m▀[38;2;21;6;0;48;2;13;2;0m▀[38;2;29;13;3;48;2;12;4;0m▀[38;2;27;13;4;48;2;18;7;2m▀[38;2;35;21;11;48;2;18;9;5m▀[38;2;45;31;16;48;2;10;5;1m▀[38;2;45;31;19;48;2;9;3;1m▀[38;2;31;17;10;48;2;13;4;3m▀[38;2;11;1;0;48;2;22;7;7m▀[38;2;9;0;0;48;2;23;6;3m▀[38;2;10;3;2;48;2;35;19;15m▀[38;2;3;1;1;48;2;9;1;1m▀[38;2;1;0;0;48;2;5;0;0m▀[38;2;0;0;0;48;2;27;10;4m▀[38;2;7;3;2;48;2;24;10;6m▀[38;2;34;20;12;48;2;53;34;26m▀[38;2;50;30;14;48;2;65;39;25m▀[38;2;113;98;78;48;2;55;34;18m▀[38;2;203;200;180;48;2;166;158;141m▀[38;2;200;201;183;48;2;204;204;187m▀[38;2;202;200;185;48;2;201;199;184m▀[38;2;202;200;184;48;2;202;200;184m▀[38;2;202;200;184;48;2;202;200;184m▀[38;2;202;200;184;48;2;202;200;184m▀[38;2;202;200;184;48;2;202;200;184m▀[38;2;201;202;185;48;2;201;202;185m▀[38;2;201;202;185;48;2;201;202;185m▀[38;2;201;202;185;48;2;201;202;185m▀[38;2;203;204;187;48;2;203;204;187m▀[0m[38;2;237;200;104m║[0m
[38;2;234;196;98m║[0m[38;2;200;198;182;48;2;200;198;182m▀[38;2;200;198;182;48;2;200;198;182m▀[38;2;199;197;181;48;2;199;197;181m▀[38;2;199;197;181;48;2;199;197;181m▀[38;2;199;197;181;48;2;199;197;181m▀[38;2;199;197;181;48;2;199;197;181m▀[38;2;198;196;180;48;2;199;197;181m▀[38;2;204;202;185;48;2;202;200;184m▀[38;2;129;121;107;48;2;93;86;73m▀[38;2;7;0;0;48;2;1;0;0m▀[38;2;6;0;0;48;2;0;0;0m▀[38;2;4;0;0;48;2;0;0;0m▀[38;2;2;0;0;48;2;0;0;0m▀[38;2;1;0;0;48;2;2;0;0m▀[38;2;4;0;0;48;2;6;0;0m▀[38;2;3;0;0;48;2;17;7;1m▀[38;2;7;2;0;48;2;27;14;7m▀[38;2;21;9;4;48;2;42;22;11m▀[38;2;43;22;11;48;2;61;32;14m▀[38;2;58;31;18;48;2;100;61;40m▀[38;2;77;46;28;48;2;156;107;78m▀[38;2;94;65;49;48;2;167;118;91m▀[38;2;53;27;16;48;2;122;75;52m▀[38;2;31;8;2;48;2;93;49;28m▀[38;2;55;28;14;48;2;85;48;25m▀[38;2;60;40;25;48;2;71;46;23m▀[38;2;31;15;4;48;2;60;39;22m▀[38;2;52;30;15;48;2;35;11;5m▀[38;2;51;28;14;48;2;50;27;15m▀[38;2;79;62;49;48;2;31;14;5m▀[38;2;181;172;159;48;2;92;82;69m▀[38;2;204;200;186;48;2;195;191;177m▀[38;2;201;199;183;48;2;202;200;184m▀[38;2;201;199;183;48;2;201;199;183m▀[38;2;201;199;183;48;2;201;199;183m▀[38;2;203;201;185;48;2;203;201;185m▀[38;2;203;201;185;48;2;203;201;185m▀[38;2;203;201;185;48;2;203;201;185m▀[38;2;204;202;186;48;2;204;202;186m▀[38;2;204;202;186;48;2;204;202;186m▀[0m[38;2;234;196;98m║[0m
[38;2;231;191;92m║[0m[38;2;200;198;182;48;2;200;198;182m▀[38;2;200;198;182;48;2;200;198;182m▀[38;2;199;197;181;48;2;199;197;181m▀[38;2;199;197;181;48;2;199;197;181m▀[38;2;200;198;182;48;2;200;198;182m▀[38;2;199;197;181;48;2;198;196;180m▀[38;2;199;197;181;48;2;199;197;181m▀[38;2;198;196;180;48;2;184;182;166m▀[38;2;62;59;49;48;2;33;31;25m▀[38;2;0;0;0;48;2;0;0;0m▀[38;2;0;0;0;48;2;0;0;0m▀[38;2;0;0;0;48;2;0;0;0m▀[38;2;0;0;0;48;2;10;7;5m▀[38;2;2;0;0;48;2;33;22;17m▀[38;2;13;3;0;48;2;13;1;0m▀[38;2;29;15;5;48;2;23;7;3m▀[38;2;37;19;10;48;2;30;8;3m▀[38;2;53;25;13;48;2;74;40;26m▀[38;2;90;48;27;48;2;149;96;73m▀[38;2;156;102;74;48;2;205;141;110m▀[38;2;215;150;114;48;2;239;172;135m▀[38;2;222;157;123;48;2;241;176;141m▀[38;2;171;110;80;48;2;204;142;112m▀[38;2;139;80;52;48;2;163;103;73m▀[38;2;147;96;64;48;2;164;103;70m▀[38;2;97;59;31;48;2;158;111;80m▀[38;2;76;46;26;48;2;70;34;13m▀[38;2;58;28;19;48;2;86;52;35m▀[38;2;46;22;11;48;2;56;31;17m▀[38;2;27;11;5;48;2;32;14;5m▀[38;2;82;72;61;48;2;86;77;66m▀[38;2;197;193;179;48;2;206;202;187m▀[38;2;202;200;184;48;2;201;199;183m▀[38;2;201;199;183;48;2;201;199;183m▀[38;2;201;199;183;48;2;201;199;183m▀[38;2;202;200;184;48;2;202;200;184m▀[38;2;202;200;184;48;2;202;200;184m▀[38;2;204;202;186;48;2;204;202;186m▀[38;2;204;202;186;48;2;204;202;186m▀[38;2;205;203;187;48;2;205;203;187m▀[0m[38;2;231;191;92m║[0m
[38;2;228;188;87m║[0m[38;2;200;198;182;48;2;200;198;182m▀[38;2;200;198;182;48;2;200;198;182m▀[38;2;199;197;181;48;2;199;197;181m▀[38;2;199;197;181;48;2;199;197;181m▀[38;2;199;197;181;48;2;199;197;181m▀[38;2;199;197;181;48;2;199;197;181m▀[38;2;201;199;183;48;2;200;198;182m▀[38;2;170;167;151;48;2;173;170;155m▀[38;2;14;12;9;48;2;18;15;12m▀[38;2;0;0;0;48;2;0;0;0m▀[38;2;0;0;0;48;2;0;0;0m▀[38;2;0;0;0;48;2;19;12;8m▀[38;2;59;41;30;48;2;107;79;63m▀[38;2;65;46;31;48;2;75;50;34m▀[38;2;2;0;0;48;2;4;0;0m▀[38;2;14;2;0;48;2;38;19;10m▀[38;2;31;12;3;48;2;55;26;11m▀[38;2;118;81;62;48;2;157;112;88m▀[38;2;189;131;107;48;2;215;152;124m▀[38;2;224;156;128;48;2;233;162;133m▀[38;2;244;177;144;48;2;248;183;152m▀[38;2;250;184;151;48;2;253;189;158m▀[38;2;236;171;139;48;2;240;176;145m▀[38;2;194;130;99;48;2;215;152;121m▀[38;2;156;98;72;48;2;166;104;77m▀[38;2;187;130;106;48;2;187;125;96m▀[38;2;102;56;37;48;2;154;100;76m▀[38;2;83;49;30;48;2;93;53;31m▀[38;2;79;46;25;48;2;105;69;45m▀[38;2;36;14;0;48;2;40;16;0m▀[38;2;83;73;59;48;2;89;80;65m▀[38;2;204;200;186;48;2;204;200;187m▀[38;2;201;199;184;48;2;202;200;184m▀[38;2;203;201;184;48;2;203;201;184m▀[38;2;203;201;185;48;2;203;201;185m▀[38;2;203;201;185;48;2;203;201;185m▀[38;2;204;202;186;48;2;204;202;186m▀[38;2;204;202;186;48;2;204;202;186m▀[38;2;204;202;186;48;2;204;202;186m▀[38;2;205;203;187;48;2;205;203;187m▀[0m[38;2;228;188;87m║[0m
[38;2;224;184;82m║[0m[38;2;200;198;182;48;2;200;198;182m▀[38;2;200;198;182;48;2;200;198;182m▀[38;2;200;198;182;48;2;200;198;182m▀[38;2;200;198;182;48;2;200;198;182m▀[38;2;199;197;181;48;2;199;197;181m▀[38;2;199;197;181;48;2;199;197;181m▀[38;2;200;198;182;48;2;200;198;182m▀[38;2;190;186;171;48;2;189;186;171m▀[38;2;35;30;26;48;2;40;32;27m▀[38;2;0;0;0;48;2;12;6;2m▀[38;2;6;1;0;48;2;31;16;6m▀[38;2;41;22;11;48;2;64;38;19m▀[38;2;118;85;65;48;2;135;95;74m▀[38;2;104;71;51;48;2;131;91;66m▀[38;2;23;2;0;48;2;75;41;32m▀[38;2;94;63;49;48;2;129;90;73m▀[38;2;100;60;39;48;2;139;99;79m▀[38;2;159;107;82;48;2;155;107;86m▀[38;2;224;161;132;48;2;201;145;123m▀[38;2;242;175;147;48;2;224;166;145m▀[38;2;252;191;163;48;2;242;184;157m▀[38;2;254;194;165;48;2;248;190;162m▀[38;2;244;184;155;48;2;244;185;157m▀[38;2;227;166;138;48;2;228;169;142m▀[38;2;177;111;84;48;2;190;129;106m▀[38;2;183;121;91;48;2;187;133;107m▀[38;2;175;122;93;48;2;157;113;87m▀[38;2;124;80;54;48;2;135;96;73m▀[38;2;121;85;62;48;2;117;81;59m▀[38;2;74;52;31;48;2;119;96;76m▀[38;2;155;146;130;48;2;204;195;179m▀[38;2;205;202;188;48;2;204;200;187m▀[38;2;202;200;184;48;2;202;200;184m▀[38;2;202;200;184;48;2;202;200;184m▀[38;2;203;201;185;48;2;203;201;185m▀[38;2;203;201;185;48;2;203;201;185m▀[38;2;204;202;186;48;2;204;202;186m▀[38;2;204;202;186;48;2;204;202;186m▀[38;2;204;202;186;48;2;204;202;186m▀[38;2;205;203;187;48;2;205;203;187m▀[0m[38;2;224;184;82m║[0m
[38;2;221;180;77m║[0m[38;2;200;198;182;48;2;200;198;182m▀[38;2;199;197;181;48;2;199;197;181m▀[38;2;200;198;182;48;2;200;198;182m▀[38;2;200;197;182;48;2;200;197;182m▀[38;2;201;195;182;48;2;202;195;182m▀[38;2;198;198;180;48;2;198;198;180m▀[38;2;197;198;178;48;2;198;198;178m▀[38;2;189;186;165;48;2;186;177;155m▀[38;2;46;36;25;48;2;72;49;36m▀[38;2;30;21;12;48;2;61;45;33m▀[38;2;58;40;27;48;2;82;63;48m▀[38;2;107;73;54;48;2;123;91;71m▀[38;2;143;98;77;48;2;141;97;78m▀[38;2;137;96;78;48;2;121;79;64m▀[38;2;105;71;61;48;2;60;26;16m▀[38;2;74;43;34;48;2;73;41;32m▀[38;2;68;40;29;48;2;118;79;65m▀[38;2;77;44;35;48;2;130;91;79m▀[38;2;76;42;33;48;2;106;72;59m▀[38;2;98;66;54;48;2;96;62;45m▀[38;2;147;103;87;48;2;100;63;47m▀[38;2;206;155;137;48;2;152;107;89m▀[38;2;235;177;154;48;2;209;156;132m▀[38;2;227;163;138;48;2;205;148;120m▀[38;2;191;131;111;48;2;159;110;84m▀[38;2;142;99;83;48;2;112;73;56m▀[38;2;73;46;34;48;2;99;63;50m▀[38;2;51;32;22;48;2;121;82;68m▀[38;2;50;26;15;48;2;114;86;72m▀[38;2;56;38;26;48;2;118;98;85m▀[38;2;188;181;167;48;2;196;189;174m▀[38;2;202;201;187;48;2;200;201;185m▀[38;2;202;200;184;48;2;202;200;184m▀[38;2;202;200;184;48;2;202;200;184m▀[38;2;203;201;185;48;2;203;201;185m▀[38;2;203;201;185;48;2;203;201;185m▀[38;2;202;202;185;48;2;201;202;185m▀[38;2;202;202;185;48;2;201;202;185m▀[38;2;202;203;186;48;2;202;203;186m▀[38;2;203;204;187;48;2;203;204;187m▀[0m[38;2;221;180;77m║[0m
[38;2;217;177;72m║[0m[38;2;200;198;182;48;2;200;198;182m▀[38;2;200;198;182;48;2;200;198;182m▀[38;2;200;198;182;48;2;200;198;182m▀[38;2;200;198;182;48;2;200;198;182m▀[38;2;201;195;182;48;2;199;196;181m▀[38;2;197;197;179;48;2;197;195;178m▀[38;2;202;198;179;48;2;204;195;178m▀[38;2;181;162;143;48;2;192;167;149m▀[38;2;133;95;76;48;2;138;93;70m▀[38;2;112;85;69;48;2;131;97;77m▀[38;2;103;80;64;48;2;127;98;81m▀[38;2;131;100;81;48;2;142;107;89m▀[38;2;141;97;79;48;2;142;99;82m▀[38;2;113;70;53;48;2;139;95;78m▀[38;2;115;75;59;48;2;142;98;80m▀[38;2;139;99;83;48;2;123;79;61m▀[38;2;144;96;78;48;2;92;58;43m▀[38;2;134;95;81;48;2;69;49;41m▀[38;2;132;95;80;48;2;92;68;62m▀[38;2;135;92;72;48;2;133;90;78m▀[38;2;135;91;74;48;2;146;90;75m▀[38;2;153;106;85;48;2;154;97;77m▀[38;2;200;149;122;48;2;209;151;123m▀[38;2;202;148;117;48;2;226;169;137m▀[38;2;137;89;71;48;2;135;90;64m▀[38;2;102;67;55;48;2;116;81;65m▀[38;2;93;65;55;48;2;86;56;47m▀[38;2;96;66;50;48;2;114;80;68m▀[38;2;107;73;51;48;2;127;86;59m▀[38;2;154;130;110;48;2;173;145;118m▀[38;2;207;198;180;48;2;210;198;177m▀[38;2;201;202;184;48;2;201;201;183m▀[38;2;202;200;184;48;2;202;200;184m▀[38;2;202;200;184;48;2;202;200;184m▀[38;2;203;201;185;48;2;203;201;185m▀[38;2;203;201;185;48;2;203;201;185m▀[38;2;201;202;185;48;2;202;203;186m▀[38;2;202;203;186;48;2;203;204;187m▀[38;2;203;204;187;48;2;204;205;188m▀[38;2;204;205;188;48;2;205;206;189m▀[0m[38;2;217;177;72m║[0m
[38;2;214;173;66m║[0m[38;2;200;198;181;48;2;200;198;180m▀[38;2;200;198;181;48;2;200;198;180m▀[38;2;199;197;180;48;2;199;197;178m▀[38;2;198;196;179;48;2;197;195;177m▀[38;2;198;195;177;48;2;197;194;173m▀[38;2;198;195;176;48;2;197;193;173m▀[38;2;200;196;177;48;2;196;194;174m▀[38;2;190;177;158;48;2;196;190;170m▀[38;2;147;100;82;48;2;169;127;111m▀[38;2;126;83;67;48;2;152;105;91m▀[38;2;136;105;84;48;2;134;100;77m▀[38;2;153;114;89;48;2;152;112;86m▀[38;2;146;103;80;48;2;151;104;76m▀[38;2;153;109;87;48;2;169;117;90m▀[38;2;161;114;93;48;2;185;130;102m▀[38;2;145;95;75;48;2;200;140;112m▀[38;2;125;80;62;48;2;189;125;99m▀[38;2;119;86;75;48;2;173;119;99m▀[38;2;139;105;98;48;2;177;124;107m▀[38;2;155;106;95;48;2;201;140;121m▀[38;2;173;115;97;48;2;228;161;139m▀[38;2;193;129;104;48;2;229;153;124m▀[38;2;220;152;125;48;2;230;154;122m▀[38;2;244;180;154;48;2;250;180;151m▀[38;2;185;130;102;48;2;218;149;119m▀[38;2;161;111;87;48;2;218;153;123m▀[38;2;155;103;84;48;2;219;153;127m▀[38;2;159;101;85;48;2;223;152;129m▀[38;2;178;128;93;48;2;235;164;132m▀[38;2;202;165;131;48;2;214;161;130m▀[38;2;209;196;175;48;2;209;192;173m▀[38;2;204;201;185;48;2;203;201;185m▀[38;2;203;201;185;48;2;203;201;185m▀[38;2;203;201;185;48;2;203;201;185m▀[38;2;204;202;186;48;2;204;202;186m▀[38;2;204;202;186;48;2;204;202;186m▀[38;2;203;203;188;48;2;203;203;188m▀[38;2;203;204;188;48;2;203;203;188m▀[38;2;204;204;189;48;2;204;204;189m▀[38;2;205;205;190;48;2;205;205;191m▀[0m[38;2;214;173;66m║[0m
[38;2;210;170;61m║[0m[38;2;199;197;179;48;2;198;196;178m▀[38;2;199;197;179;48;2;197;195;177m▀[38;2;197;195;177;48;2;196;194;176m▀[38;2;196;193;175;48;2;194;192;174m▀[38;2;195;192;171;48;2;194;190;170m▀[38;2;195;192;171;48;2;194;190;170m▀[38;2;195;192;172;48;2;194;190;170m▀[38;2;199;194;173;48;2;197;193;172m▀[38;2;169;137;119;48;2;168;144;124m▀[38;2;157;106;90;48;2;160;105;89m▀[38;2;151;108;86;48;2;163;112;91m▀[38;2;143;105;79;48;2;140;104;79m▀[38;2;146;99;71;48;2;141;100;77m▀[38;2;170;116;86;48;2;153;103;77m▀[38;2;207;145;111;48;2;195;135;102m▀[38;2;230;161;125;48;2;230;161;125m▀[38;2;242;169;136;48;2;247;173;141m▀[38;2;242;176;150;48;2;254;183;159m▀[38;2;247;184;161;48;2;253;184;163m▀[38;2;255;186;161;48;2;249;178;154m▀[38;2;236;160;137;48;2;222;154;133m▀[38;2;218;136;107;48;2;194;117;93m▀[38;2;223;142;109;48;2;208;127;101m▀[38;2;250;178;146;48;2;246;170;145m▀[38;2;220;145;110;48;2;226;151;121m▀[38;2;222;149;115;48;2;201;128;98m▀[38;2;244;170;140;48;2;229;156;131m▀[38;2;251;172;147;48;2;239;161;139m▀[38;2;252;166;139;48;2;235;159;129m▀[38;2;219;154;127;48;2;209;151;122m▀[38;2;205;185;167;48;2;205;188;169m▀[38;2;201;203;185;48;2;202;202;185m▀[38;2;202;201;185;48;2;202;200;184m▀[38;2;204;202;186;48;2;204;202;186m▀[38;2;205;203;187;48;2;205;203;187m▀[38;2;205;203;187;48;2;205;203;187m▀[38;2;204;204;189;48;2;203;203;188m▀[38;2;204;204;189;48;2;203;203;188m▀[38;2;204;204;189;48;2;204;204;189m▀[38;2;205;205;191;48;2;205;205;191m▀[0m[38;2;210;170;61m║[0m
[38;2;207;166;56m║[0m[38;2;197;194;178;48;2;196;193;177m▀[38;2;196;193;176;48;2;195;192;174m▀[38;2;194;191;171;48;2;193;189;168m▀[38;2;193;190;168;48;2;192;188;165m▀[38;2;192;188;168;48;2;192;188;168m▀[38;2;192;188;168;48;2;192;188;168m▀[38;2;192;188;168;48;2;192;188;168m▀[38;2;193;189;169;48;2;191;188;168m▀[38;2;190;178;157;48;2;194;189;168m▀[38;2;175;137;121;48;2;200;183;164m▀[38;2;171;126;110;48;2;200;173;155m▀[38;2;145;107;88;48;2;161;133;112m▀[38;2;135;99;74;48;2;134;101;74m▀[38;2;143;100;73;48;2;137;96;69m▀[38;2;176;123;94;48;2;162;112;84m▀[38;2;217;155;126;48;2;193;136;109m▀[38;2;239;170;143;48;2;218;153;128m▀[38;2;249;177;154;48;2;228;161;136m▀[38;2;240;166;145;48;2;219;149;125m▀[38;2;234;161;139;48;2;229;156;134m▀[38;2;196;129;110;48;2;195;123;109m▀[38;2;180;105;85;48;2;165;92;79m▀[38;2;212;127;109;48;2;181;108;94m▀[38;2;249;161;144;48;2;225;150;137m▀[38;2;238;158;137;48;2;217;143;128m▀[38;2;203;130;103;48;2;191;122;95m▀[38;2;211;142;114;48;2;210;144;111m▀[38;2;213;143;119;48;2;196;130;101m▀[38;2;208;141;114;48;2;180;120;95m▀[38;2;189;147;124;48;2;173;142;122m▀[38;2;205;193;174;48;2;204;197;179m▀[38;2;202;201;182;48;2;202;201;182m▀[38;2;202;200;184;48;2;202;200;184m▀[38;2;204;202;186;48;2;204;202;186m▀[38;2;204;202;186;48;2;204;202;186m▀[38;2;205;204;188;48;2;205;204;188m▀[38;2;203;203;192;48;2;204;204;194m▀[38;2;203;203;192;48;2;204;204;195m▀[38;2;204;204;193;48;2;204;204;195m▀[38;2;205;205;194;48;2;205;205;196m▀[0m[38;2;207;166;56m║[0m
[38;2;203;162;51m║[0m[38;2;195;191;176;48;2;194;190;175m▀[38;2;194;190;172;48;2;193;189;171m▀[38;2;192;188;167;48;2;192;188;167m▀[38;2;192;188;165;48;2;192;188;165m▀[38;2;191;187;167;48;2;190;187;167m▀[38;2;191;187;167;48;2;190;187;167m▀[38;2;191;187;167;48;2;190;187;167m▀[38;2;190;187;167;48;2;190;187;167m▀[38;2;189;188;169;48;2;192;186;171m▀[38;2;190;188;167;48;2;187;188;169m▀[38;2;197;190;168;48;2;190;190;168m▀[38;2;181;166;143;48;2;192;179;157m▀[38;2;141;111;86;48;2;149;121;99m▀[38;2;138;100;75;48;2;145;109;86m▀[38;2;153;106;80;48;2;155;110;88m▀[38;2;169;114;90;48;2;160;107;85m▀[38;2;187;129;105;48;2;169;117;94m▀[38;2;192;132;109;48;2;180;127;104m▀[38;2;202;139;116;48;2;193;136;115m▀[38;2;222;156;135;48;2;208;149;128m▀[38;2;216;147;133;48;2;213;152;128m▀[38;2;160;95;84;48;2;189;128;110m▀[38;2;130;73;63;48;2;183;124;113m▀[38;2;140;86;77;48;2;166;107;100m▀[38;2;150;88;75;48;2;169;108;92m▀[38;2;180;119;93;48;2;194;139;112m▀[38;2;208;149;117;48;2;182;130;100m▀[38;2;196;136;106;48;2;165;115;89m▀[38;2;170;120;94;48;2;174;134;107m▀[38;2;173;148;129;48;2;181;163;144m▀[38;2;203;200;184;48;2;201;201;186m▀[38;2;200;201;184;48;2;199;200;185m▀[38;2;202;200;184;48;2;201;199;183m▀[38;2;203;201;185;48;2;202;200;184m▀[38;2;204;202;186;48;2;204;202;186m▀[38;2;205;204;188;48;2;205;204;188m▀[38;2;205;205;195;48;2;205;205;195m▀[38;2;205;205;196;48;2;205;205;196m▀[38;2;205;205;196;48;2;205;205;196m▀[38;2;206;206;197;48;2;207;207;198m▀[0m[38;2;203;162;51m║[0m
[38;2;199;158;47m║[0m[38;2;194;189;174;48;2;194;189;174m▀[38;2;192;188;170;48;2;192;188;170m▀[38;2;191;187;166;48;2;190;187;166m▀[38;2;191;187;164;48;2;190;187;164m▀[38;2;189;186;166;48;2;189;186;166m▀[38;2;189;186;166;48;2;189;186;166m▀[38;2;189;186;166;48;2;189;186;166m▀[38;2;190;186;166;48;2;189;186;166m▀[38;2;192;186;167;48;2;189;186;163m▀[38;2;190;188;167;48;2;189;186;163m▀[38;2;190;188;165;48;2;189;186;163m▀[38;2;194;186;165;48;2;192;189;166m▀[38;2;153;128;109;48;2;159;138;119m▀[38;2;147;109;86;48;2;141;101;78m▀[38;2;156;114;90;48;2;150;112;85m▀[38;2;161;114;93;48;2;160;117;95m▀[38;2;169;119;93;48;2;163;115;89m▀[38;2;184;131;108;48;2;187;136;112m▀[38;2;158;102;83;48;2;183;128;109m▀[38;2;149;92;75;48;2;150;91;75m▀[38;2;171;109;93;48;2;137;65;57m▀[38;2;169;104;93;48;2;139;63;58m▀[38;2;172;103;98;48;2;150;70;71m▀[38;2;165;93;93;48;2;148;66;69m▀[38;2;155;80;80;48;2;162;82;81m▀[38;2;147;81;70;48;2;161;88;77m▀[38;2;139;87;65;48;2;183;124;101m▀[38;2;162;120;93;48;2;173;129;99m▀[38;2;167;133;106;48;2;164;137;112m▀[38;2;188;179;158;48;2;199;193;174m▀[38;2;198;200;184;48;2;195;197;181m▀[38;2;200;197;182;48;2;200;195;179m▀[38;2;201;198;182;48;2;199;196;180m▀[38;2;201;199;183;48;2;198;196;180m▀[38;2;203;201;185;48;2;200;198;182m▀[38;2;205;203;187;48;2;203;201;185m▀[38;2;205;205;192;48;2;204;204;189m▀[38;2;205;205;192;48;2;206;206;191m▀[38;2;206;206;193;48;2;208;208;193m▀[38;2;206;206;194;48;2;208;208;193m▀[0m[38;2;199;158;47m║[0m
[38;2;193;152;45m║[0m[38;2;194;189;174;48;2;193;188;173m▀[38;2;192;188;170;48;2;191;187;169m▀[38;2;190;187;165;48;2;190;187;165m▀[38;2;189;186;163;48;2;189;186;163m▀[38;2;189;186;166;48;2;189;186;166m▀[38;2;189;186;166;48;2;189;186;166m▀[38;2;189;186;166;48;2;188;185;165m▀[38;2;189;186;166;48;2;188;185;165m▀[38;2;188;185;162;48;2;187;184;162m▀[38;2;187;184;161;48;2;186;183;160m▀[38;2;187;184;161;48;2;185;182;159m▀[38;2;189;186;163;48;2;187;184;161m▀[38;2;168;150;130;48;2;178;163;142m▀[38;2;128;92;69;48;2;135;102;77m▀[38;2;137;101;74;48;2;127;95;67m▀[38;2;148;108;87;48;2;131;95;72m▀[38;2;153;112;88;48;2;139;105;82m▀[38;2;171;126;101;48;2;155;114;90m▀[38;2;193;140;118;48;2;185;133;109m▀[38;2;183;125;104;48;2;183;125;100m▀[38;2;174;111;95;48;2;174;118;95m▀[38;2;165;98;85;48;2;172;114;95m▀[38;2;165;95;87;48;2;169;108;92m▀[38;2;158;87;80;48;2;162;99;86m▀[38;2;156;94;75;48;2;173;115;94m▀[38;2;169;110;81;48;2;184;127;96m▀[38;2;179;129;96;48;2;175;131;100m▀[38;2;166;132;102;48;2;178;155;132m▀[38;2;187;170;150;48;2;198;191;175m▀[38;2;199;192;178;48;2;198;190;181m▀[38;2;196;194;180;48;2;197;192;180m▀[38;2;198;195;178;48;2;196;195;176m▀[38;2;199;197;181;48;2;196;194;178m▀[38;2;199;197;181;48;2;196;194;178m▀[38;2;198;196;180;48;2;197;195;179m▀[38;2;200;198;182;48;2;198;197;181m▀[38;2;202;202;187;48;2;199;199;184m▀[38;2;205;205;190;48;2;202;202;187m▀[38;2;209;209;194;48;2;206;206;191m▀[38;2;210;210;195;48;2;209;209;194m▀[0m[38;2;193;152;45m║[0m
[38;2;187;147;42m║[0m[38;2;192;187;173;48;2;192;187;173m▀[38;2;191;188;170;48;2;192;188;171m▀[38;2;191;188;167;48;2;191;188;168m▀[38;2;189;186;164;48;2;189;186;164m▀[38;2;189;186;166;48;2;189;186;166m▀[38;2;189;186;166;48;2;189;186;166m▀[38;2;188;185;165;48;2;188;185;165m▀[38;2;186;183;164;48;2;186;183;163m▀[38;2;188;182;162;48;2;187;182;164m▀[38;2;186;181;158;48;2;183;182;160m▀[38;2;186;181;156;48;2;183;182;161m▀[38;2;188;182;161;48;2;187;182;167m▀[38;2;180;165;148;48;2;176;158;141m▀[38;2;143;110;83;48;2;136;101;73m▀[38;2;150;111;80;48;2;166;121;89m▀[38;2;137;100;75;48;2;166;126;99m▀[38;2;121;89;65;48;2;144;109;84m▀[38;2;134;97;71;48;2;123;86;60m▀[38;2;164;119;90;48;2;131;92;63m▀[38;2;183;133;103;48;2;157;115;85m▀[38;2;190;133;110;48;2;176;125;103m▀[38;2;196;134;114;48;2;196;139;120m▀[38;2;203;133;118;48;2;210;147;130m▀[38;2;223;149;135;48;2;224;155;140m▀[38;2;227;153;134;48;2;206;140;121m▀[38;2;207;142;115;48;2;173;119;94m▀[38;2;176;135;107;48;2;175;148;123m▀[38;2;193;179;157;48;2;194;190;169m▀[38;2;195;192;172;48;2;193;190;167m▀[38;2;196;191;176;48;2;195;191;171m▀[38;2;196;191;177;48;2;195;191;175m▀[38;2;195;192;176;48;2;195;190;177m▀[38;2;195;193;177;48;2;195;193;178m▀[38;2;196;194;178;48;2;197;195;179m▀[38;2;196;194;178;48;2;196;194;178m▀[38;2;197;196;179;48;2;197;196;179m▀[38;2;199;198;180;48;2;200;198;179m▀[38;2;202;201;184;48;2;203;201;183m▀[38;2;205;203;188;48;2;205;203;188m▀[38;2;209;206;194;48;2;208;204;193m▀[0m[38;2;187;147;42m║[0m
[38;2;181;141;40m║[0m[38;2;193;188;174;48;2;193;188;174m▀[38;2;191;187;171;48;2;191;187;171m▀[38;2;190;187;168;48;2;190;187;168m▀[38;2;190;187;164;48;2;190;187;164m▀[38;2;189;186;166;48;2;189;186;166m▀[38;2;188;185;165;48;2;187;184;164m▀[38;2;186;183;163;48;2;187;184;164m▀[38;2;186;183;163;48;2;188;185;165m▀[38;2;186;181;164;48;2;190;184;166m▀[38;2;181;183;164;48;2;187;187;166m▀[38;2;182;183;163;48;2;190;182;155m▀[38;2;189;181;163;48;2;159;135;104m▀[38;2;143;115;93;48;2;123;85;55m▀[38;2;133;94;65;48;2;139;97;65m▀[38;2;165;121;90;48;2;168;123;94m▀[38;2;180;137;112;48;2;185;139;115m▀[38;2;175;134;110;48;2;188;143;120m▀[38;2;156;117;93;48;2;177;135;113m▀[38;2;134;95;71;48;2;158;120;101m▀[38;2;130;91;68;48;2;146;112;95m▀[38;2;140;101;79;48;2;138;105;87m▀[38;2;145;104;84;48;2;134;101;84m▀[38;2;150;105;86;48;2;134;100;83m▀[38;2;153;107;89;48;2;131;100;81m▀[38;2;144;103;83;48;2;139;111;85m▀[38;2;141;107;83;48;2;142;115;86m▀[38;2;185;168;148;48;2;184;167;143m▀[38;2;192;192;176;48;2;193;190;173m▀[38;2;192;189;167;48;2;192;189;167m▀[38;2;194;189;170;48;2;194;190;170m▀[38;2;195;190;174;48;2;195;190;174m▀[38;2;196;191;177;48;2;196;191;177m▀[38;2;194;192;177;48;2;194;192;176m▀[38;2;196;194;178;48;2;195;193;177m▀[38;2;197;195;179;48;2;196;194;178m▀[38;2;198;196;179;48;2;198;195;179m▀[38;2;200;198;179;48;2;200;198;179m▀[38;2;203;201;184;48;2;202;200;183m▀[38;2;204;202;187;48;2;204;202;187m▀[38;2;206;203;192;48;2;205;203;191m▀[0m[38;2;181;141;40m║[0m
[38;2;174;135;38m║[0m[38;2;194;187;170;48;2;191;187;172m▀[38;2;193;186;168;48;2;190;186;170m▀[38;2;192;186;169;48;2;190;186;172m▀[38;2;191;186;167;48;2;191;186;172m▀[38;2;189;187;166;48;2;193;185;163m▀[38;2;192;185;161;48;2;180;165;138m▀[38;2;190;182;158;48;2;176;162;134m▀[38;2;173;166;146;48;2;220;213;191m▀[38;2;150;134;117;48;2;140;124;111m▀[38;2;127;112;91;48;2;83;61;46m▀[38;2;125;101;72;48;2;100;66;39m▀[38;2;132;94;57;48;2;152;103;64m▀[38;2;137;91;55;48;2;153;104;66m▀[38;2;143;98;64;48;2;143;97;62m▀[38;2;173;129;99;48;2;172;129;99m▀[38;2;186;142;117;48;2;190;148;121m▀[38;2;194;148;125;48;2;198;153;128m▀[38;2;190;147;124;48;2;195;151;127m▀[38;2;173;134;114;48;2;186;145;123m▀[38;2;161;124;106;48;2;174;135;115m▀[38;2;160;124;104;48;2;165;128;105m▀[38;2;156;121;100;48;2;167;131;107m▀[38;2;158;124;103;48;2;166;129;105m▀[38;2;153;120;98;48;2;155;119;93m▀[38;2;148;117;87;48;2;152;118;87m▀[38;2;143;116;87;48;2;151;122;99m▀[38;2;158;142;114;48;2;185;170;146m▀[38;2;198;183;158;48;2;191;170;141m▀[38;2;196;188;163;48;2;197;178;146m▀[38;2;196;190;168;48;2;197;180;153m▀[38;2;195;190;174;48;2;201;187;166m▀[38;2;195;190;178;48;2;201;189;173m▀[38;2;196;191;177;48;2;206;191;173m▀[38;2;196;193;177;48;2;203;193;175m▀[38;2;195;193;178;48;2;197;194;177m▀[38;2;196;196;179;48;2;195;196;180m▀[38;2;199;197;180;48;2;199;197;181m▀[38;2;201;199;183;48;2;201;199;183m▀[38;2;203;201;186;48;2;202;200;184m▀[38;2;204;202;187;48;2;201;199;183m▀[0m[38;2;174;135;38m║[0m
[38;2;168;129;35m║[0m[38;2;186;187;176;48;2;189;186;173m▀[38;2;188;187;174;48;2;194;188;171m▀[38;2;193;189;173;48;2;193;180;158m▀[38;2;191;183;167;48;2;173;156;131m▀[38;2;175;158;136;48;2;160;141;114m▀[38;2;172;150;121;48;2;180;155;123m▀[38;2;171;153;123;48;2;187;162;129m▀[38;2;227;219;194;48;2;183;164;137m▀[38;2;235;231;217;48;2;235;230;207m▀[38;2;112;100;88;48;2;224;222;209m▀[38;2;101;69;46;48;2;117;98;80m▀[38;2;169;116;77;48;2;158;116;85m▀[38;2;167;116;78;48;2;170;121;83m▀[38;2;149;104;68;48;2;158;112;76m▀[38;2;172;129;98;48;2;173;130;100m▀[38;2;188;146;119;48;2;190;148;121m▀[38;2;199;154;129;48;2;200;155;130m▀[38;2;196;152;128;48;2;201;158;134m▀[38;2;190;149;127;48;2;199;158;135m▀[38;2;185;146;125;48;2;189;151;130m▀[38;2;175;138;115;48;2;180;143;119m▀[38;2;172;136;112;48;2;169;133;109m▀[38;2;167;131;107;48;2;164;128;103m▀[38;2;158;122;97;48;2;152;116;91m▀[38;2;154;119;91;48;2;147;112;87m▀[38;2;125;96;76;48;2;111;82;64m▀[38;2;183;168;147;48;2;155;140;121m▀[38;2;198;176;151;48;2;206;183;161m▀[38;2;201;174;141;48;2;200;171;143m▀[38;2;199;173;141;48;2;201;175;145m▀[38;2;197;174;143;48;2;195;172;140m▀[38;2;198;178;148;48;2;196;176;143m▀[38;2;202;178;152;48;2;199;173;143m▀[38;2;206;187;164;48;2;191;169;140m▀[38;2;203;195;174;48;2;195;178;151m▀[38;2;199;197;178;48;2;201;190;165m▀[38;2;200;198;181;48;2;201;199;182m▀[38;2;200;198;182;48;2;200;198;182m▀[38;2;201;199;183;48;2;200;198;182m▀[38;2;201;199;183;48;2;202;200;184m▀[0m[38;2;168;129;35m║[0m
[38;2;162;124;33m║[0m[38;2;194;180;160;48;2;168;149;123m▀[38;2;179;163;139;48;2;165;144;115m▀[38;2;174;153;124;48;2;175;151;120m▀[38;2;182;157;125;48;2;184;158;126m▀[38;2;175;154;124;48;2;184;160;130m▀[38;2;176;150;119;48;2;175;150;121m▀[38;2;190;164;133;48;2;177;153;124m▀[38;2;188;164;135;48;2;195;171;141m▀[38;2;185;166;135;48;2;187;163;131m▀[38;2;230;220;198;48;2;183;162;133m▀[38;2;205;196;180;48;2;209;192;169m▀[38;2;122;98;78;48;2;174;156;136m▀[38;2;170;126;94;48;2;152;116;89m▀[38;2;171;126;94;48;2;174;133;105m▀[38;2;177;132;104;48;2;180;135;109m▀[38;2;193;149;123;48;2;193;147;121m▀[38;2;202;159;133;48;2;202;159;133m▀[38;2;202;160;133;48;2;201;159;132m▀[38;2;196;154;130;48;2;195;151;126m▀[38;2;187;147;123;48;2;183;140;115m▀[38;2;172;138;114;48;2;166;129;109m▀[38;2;161;127;104;48;2;158;123;104m▀[38;2;149;116;92;48;2;147;112;93m▀[38;2;138;104;81;48;2;137;101;81m▀[38;2;140;102;78;48;2;135;97;74m▀[38;2;118;85;65;48;2;108;75;49m▀[38;2;145;126;103;48;2;141;117;89m▀[38;2;201;181;155;48;2;183;164;134m▀[38;2;195;170;141;48;2;190;167;137m▀[38;2;198;174;145;48;2;202;177;148m▀[38;2;196;174;144;48;2;204;179;150m▀[38;2;196;176;144;48;2;202;178;148m▀[38;2;201;176;146;48;2;198;173;144m▀[38;2;194;169;139;48;2;195;170;141m▀[38;2;189;167;137;48;2;192;167;137m▀[38;2;193;171;142;48;2;190;165;135m▀[38;2;203;189;168;48;2;196;170;147m▀[38;2;202;198;181;48;2;202;194;175m▀[38;2;199;198;183;48;2;199;198;183m▀[38;2;202;197;184;48;2;202;194;183m▀[0m[38;2;162;124;33m║[0m
[38;2;156;118;30m║[0m[38;2;172;151;122;48;2;182;158;125m▀[38;2;177;153;124;48;2;189;162;132m▀[38;2;182;154;126;48;2;187;157;131m▀[38;2;185;156;129;48;2;194;163;141m▀[38;2;187;162;133;48;2;193;168;139m▀[38;2;187;163;133;48;2;187;163;133m▀[38;2;176;151;122;48;2;183;158;129m▀[38;2;176;152;122;48;2;185;162;132m▀[38;2;185;165;131;48;2;174;154;122m▀[38;2;188;167;136;48;2;180;158;127m▀[38;2;188;165;135;48;2;195;168;139m▀[38;2;190;167;140;48;2;201;172;143m▀[38;2;184;157;126;48;2;197;173;143m▀[38;2;182;150;121;48;2;200;173;145m▀[38;2;178;140;112;48;2;202;171;143m▀[38;2;184;141;115;48;2;191;158;131m▀[38;2;190;148;125;48;2;188;153;129m▀[38;2;193;150;127;48;2;160;126;103m▀[38;2;190;148;125;48;2;160;126;102m▀[38;2;176;134;112;48;2;154;120;97m▀[38;2;157;120;102;48;2;140;107;90m▀[38;2;155;118;101;48;2;139;106;90m▀[38;2;143;106;89;48;2;134;101;85m▀[38;2;135;98;80;48;2;141;109;92m▀[38;2;119;87;66;48;2;145;119;99m▀[38;2;125;97;75;48;2;166;142;121m▀[38;2;169;146;122;48;2;159;137;115m▀[38;2;167;147;121;48;2;154;132;110m▀[38;2;189;165;136;48;2;190;166;137m▀[38;2;202;177;147;48;2;202;177;147m▀[38;2;198;174;144;48;2;197;173;143m▀[38;2;201;177;147;48;2;194;170;140m▀[38;2;197;173;143;48;2;196;171;142m▀[38;2;196;171;141;48;2;194;170;140m▀[38;2;192;168;138;48;2;188;164;134m▀[38;2;189;165;135;48;2;192;167;138m▀[38;2;187;162;137;48;2;190;165;139m▀[38;2;190;177;154;48;2;182;165;138m▀[38;2;200;195;177;48;2;196;186;165m▀[38;2;201;193;180;48;2;200;190;178m▀[0m[38;2;156;118;30m║[0m
[38;2;150;112;28m╚════════════════════════════════════════╝[0m
